1.000000	3511327131.795602	NaN	0.000000	0.000000	0.000000	78150000.000000
2.000000	3511327132.099619	0.376040	0.000000	0.000000	0.000000	78150000.000000
3.000000	3511327133.468698	0.001657	0.000000	0.000000	0.000000	78150000.000000
4.000000	3511327134.968783	0.036265	0.000000	0.000000	0.000000	78149800.000000
5.000000	3511327136.470870	0.042688	0.000000	0.000000	0.000000	78149600.000000
6.000000	3511327137.970955	0.016755	0.000000	0.000000	0.000000	78149400.000000
7.000000	3511327139.471041	-0.030927	0.000000	0.000000	0.000000	78149200.000000
8.000000	3511327140.972127	0.026123	0.000000	0.000000	0.000000	78149000.000000
9.000000	3511327142.471213	-0.013092	0.000000	0.000000	0.000000	78148800.000000
10.000000	3511327143.970298	0.031092	0.000000	0.000000	0.000000	78148600.000000
11.000000	3511327145.469384	0.059663	0.000000	0.000000	0.000000	78148400.000000
12.000000	3511327146.968470	0.010337	0.000000	0.000000	0.000000	78148200.000000
13.000000	3511327148.472556	0.041183	0.000000	0.000000	0.000000	78148000.000000
14.000000	3511327149.971642	-0.020203	0.000000	0.000000	0.000000	78147800.000000
15.000000	3511327151.481728	0.010992	0.000000	0.000000	0.000000	78147600.000000
16.000000	3511327152.982814	-0.037543	0.000000	0.000000	0.000000	78147400.000000
17.000000	3511327154.483900	-0.011487	0.000000	0.000000	0.000000	78147200.000000
18.000000	3511327155.982985	-0.003717	0.000000	0.000000	0.000000	78147000.000000
19.000000	3511327157.483071	-0.025036	0.000000	0.000000	0.000000	78146800.000000
20.000000	3511327158.982157	0.023179	0.000000	0.000000	0.000000	78146600.000000
21.000000	3511327160.483243	0.045881	0.000000	0.000000	0.000000	78146400.000000
22.000000	3511327161.982329	-0.033740	0.000000	0.000000	0.000000	78146200.000000
23.000000	3511327163.483415	0.002520	0.000000	0.000000	0.000000	78146000.000000
24.000000	3511327164.986500	0.022084	0.000000	0.000000	0.000000	78145800.000000
25.000000	3511327166.487586	0.026407	0.000000	0.000000	0.000000	78145600.000000
26.000000	3511327167.981672	0.014387	0.000000	0.000000	0.000000	78145400.000000
27.000000	3511327169.482758	-0.001440	0.000000	0.000000	0.000000	78145200.000000
28.000000	3511327170.981843	-0.031878	0.000000	0.000000	0.000000	78145000.000000
29.000000	3511327172.482929	0.022451	0.000000	0.000000	0.000000	78144800.000000
30.000000	3511327173.983015	0.014620	0.000000	0.000000	0.000000	78144600.000000
31.000000	3511327175.484101	-0.015859	0.000000	0.000000	0.000000	78144400.000000
32.000000	3511327176.982187	-0.001762	0.000000	0.000000	0.000000	78144200.000000
33.000000	3511327178.484272	0.046075	0.000000	0.000000	0.000000	78144000.000000
34.000000	3511327179.982358	0.055605	0.000000	0.000000	0.000000	78143800.000000
35.000000	3511327181.482444	0.016989	0.000000	0.000000	0.000000	78143600.000000
36.000000	3511327182.982530	-0.011279	0.000000	0.000000	0.000000	78143400.000000
37.000000	3511327184.483616	0.017710	0.000000	0.000000	0.000000	78143200.000000
38.000000	3511327185.983702	0.105917	0.000000	0.000000	0.000000	78143000.000000
39.000000	3511327187.483788	0.136924	0.000000	0.000000	0.000000	78142800.000000
40.000000	3511327188.982873	0.063162	0.000000	0.000000	0.000000	78142600.000000
41.000000	3511327190.483959	0.111548	0.000000	0.000000	0.000000	78142400.000000
42.000000	3511327191.983045	0.090679	0.000000	0.000000	0.000000	78142200.000000
43.000000	3511327193.483130	0.085548	0.000000	0.000000	0.000000	78142000.000000
44.000000	3511327194.983216	0.143925	0.000000	0.000000	0.000000	78141800.000000
45.000000	3511327196.485302	0.120009	0.000000	0.000000	0.000000	78141600.000000
46.000000	3511327197.984388	0.125072	0.000000	0.000000	0.000000	78141400.000000
47.000000	3511327199.484474	0.093674	0.000000	0.000000	0.000000	78141200.000000
48.000000	3511327200.983560	0.091511	0.000000	0.000000	0.000000	78141000.000000
49.000000	3511327202.484645	0.081070	0.000000	0.000000	0.000000	78140800.000000
50.000000	3511327203.983731	0.102172	0.000000	0.000000	0.000000	78140600.000000
51.000000	3511327205.481817	0.104915	0.000000	0.000000	0.000000	78140400.000000
52.000000	3511327206.982903	0.045930	0.000000	0.000000	0.000000	78140200.000000
53.000000	3511327208.482988	0.055072	0.000000	0.000000	0.000000	78140000.000000
54.000000	3511327209.983074	0.064632	0.000000	0.000000	0.000000	78139800.000000
55.000000	3511327211.482160	0.047813	0.000000	0.000000	0.000000	78139600.000000
56.000000	3511327212.984246	0.058910	0.000000	0.000000	0.000000	78139400.000000
57.000000	3511327214.484332	0.072406	0.000000	0.000000	0.000000	78139200.000000
58.000000	3511327215.983418	0.061932	0.000000	0.000000	0.000000	78139000.000000
59.000000	3511327217.483503	0.043113	0.000000	0.000000	0.000000	78138800.000000
60.000000	3511327218.985589	0.048554	0.000000	0.000000	0.000000	78138600.000000
61.000000	3511327220.483675	0.082832	0.000000	0.000000	0.000000	78138400.000000
62.000000	3511327221.982760	0.027826	0.000000	0.000000	0.000000	78138200.000000
63.000000	3511327223.483846	-0.007875	0.000000	0.000000	0.000000	78138000.000000
64.000000	3511327224.983932	0.046553	0.000000	0.000000	0.000000	78137800.000000
65.000000	3511327226.487018	0.080847	0.000000	0.000000	0.000000	78137600.000000
66.000000	3511327227.983104	0.093718	0.000000	0.000000	0.000000	78137400.000000
67.000000	3511327229.483190	-0.002107	0.000000	0.000000	0.000000	78137200.000000
68.000000	3511327230.983275	-0.009577	0.000000	0.000000	0.000000	78137000.000000
69.000000	3511327232.483361	0.048535	0.000000	0.000000	0.000000	78136800.000000
70.000000	3511327233.984447	0.022233	0.000000	0.000000	0.000000	78136600.000000
71.000000	3511327235.483533	0.038167	0.000000	0.000000	0.000000	78136400.000000
72.000000	3511327236.983619	0.000574	0.000000	0.000000	0.000000	78136200.000000
73.000000	3511327238.483704	0.000170	0.000000	0.000000	0.000000	78136000.000000
74.000000	3511327239.982790	0.043237	0.000000	0.000000	0.000000	78135800.000000
75.000000	3511327241.483876	0.055726	0.000000	0.000000	0.000000	78135600.000000
76.000000	3511327242.983962	0.069841	0.000000	0.000000	0.000000	78135400.000000
77.000000	3511327244.484047	0.179180	0.000000	0.000000	0.000000	78135200.000000
78.000000	3511327245.984133	0.259574	0.000000	0.000000	0.000000	78135000.000000
79.000000	3511327247.657229	0.477409	0.000000	0.000000	0.000000	78134800.000000
80.000000	3511327248.985305	0.341083	0.000000	0.000000	0.000000	78134600.000000
81.000000	3511327250.484391	0.389331	0.000000	0.000000	0.000000	78134400.000000
82.000000	3511327251.983476	0.310827	0.000000	0.000000	0.000000	78134200.000000
83.000000	3511327253.484562	0.282487	0.000000	0.000000	0.000000	78134000.000000
84.000000	3511327254.984648	0.296699	0.000000	0.000000	0.000000	78133800.000000
85.000000	3511327256.483734	0.340081	0.000000	0.000000	0.000000	78133600.000000
86.000000	3511327257.982820	0.384396	0.000000	0.000000	0.000000	78133400.000000
87.000000	3511327259.483905	0.335967	0.000000	0.000000	0.000000	78133200.000000
88.000000	3511327260.983991	0.292240	0.000000	0.000000	0.000000	78133000.000000
89.000000	3511327262.485077	0.406771	0.000000	0.000000	0.000000	78132800.000000
90.000000	3511327263.984163	0.331834	0.000000	0.000000	0.000000	78132600.000000
91.000000	3511327265.484249	0.355188	0.000000	0.000000	0.000000	78132400.000000
92.000000	3511327266.984334	0.282465	0.000000	0.000000	0.000000	78132200.000000
93.000000	3511327268.488420	0.134794	0.000000	0.000000	0.000000	78132000.000000
94.000000	3511327269.984506	0.033147	0.000000	0.000000	0.000000	78131800.000000
95.000000	3511327271.484592	0.064725	0.000000	0.000000	0.000000	78131600.000000
96.000000	3511327272.983677	0.075803	0.000000	0.000000	0.000000	78131400.000000
97.000000	3511327274.483763	0.084681	0.000000	0.000000	0.000000	78131200.000000
98.000000	3511327275.983849	0.017388	0.000000	0.000000	0.000000	78131000.000000
99.000000	3511327277.482935	-0.000276	0.000000	0.000000	0.000000	78130800.000000
100.000000	3511327278.985021	0.007011	0.000000	0.000000	0.000000	78130600.000000
101.000000	3511327280.486107	0.014643	0.000000	0.000000	0.000000	78130400.000000
102.000000	3511327281.984192	0.017353	0.000000	0.000000	0.000000	78130200.000000
103.000000	3511327283.484278	0.002097	0.000000	0.000000	0.000000	78130000.000000
104.000000	3511327284.984364	0.058964	0.000000	0.000000	0.000000	78129800.000000
105.000000	3511327286.486450	0.048247	0.000000	0.000000	0.000000	78129600.000000
106.000000	3511327287.984536	0.067534	0.000000	0.000000	0.000000	78129400.000000
107.000000	3511327289.483621	0.026539	0.000000	0.000000	0.000000	78129200.000000
108.000000	3511327290.983707	0.032020	0.000000	0.000000	0.000000	78129000.000000
109.000000	3511327292.484793	0.038496	0.000000	0.000000	0.000000	78128800.000000
110.000000	3511327293.983879	0.111426	0.000000	0.000000	0.000000	78128600.000000
111.000000	3511327295.483964	0.061165	0.000000	0.000000	0.000000	78128400.000000
112.000000	3511327296.985050	0.126319	0.000000	0.000000	0.000000	78128200.000000
113.000000	3511327298.485136	0.068933	0.000000	0.000000	0.000000	78128000.000000
114.000000	3511327299.984222	-0.028894	0.000000	0.000000	0.000000	78127800.000000
115.000000	3511327301.484308	0.059603	0.000000	0.000000	0.000000	78127600.000000
116.000000	3511327302.984394	0.104568	0.000000	0.000000	0.000000	78127400.000000
117.000000	3511327304.485479	0.108377	0.000000	0.000000	0.000000	78127200.000000
118.000000	3511327305.984565	0.162258	0.000000	0.000000	0.000000	78127000.000000
119.000000	3511327307.483651	0.187455	0.000000	0.000000	0.000000	78126800.000000
120.000000	3511327308.984737	0.168287	0.000000	0.000000	0.000000	78126600.000000
121.000000	3511327310.485823	0.289104	0.000000	0.000000	0.000000	78126400.000000
122.000000	3511327311.983908	0.207249	0.000000	0.000000	0.000000	78126200.000000
123.000000	3511327313.483994	0.310709	0.000000	0.000000	0.000000	78126000.000000
124.000000	3511327314.984080	0.207406	0.000000	0.000000	0.000000	78125800.000000
125.000000	3511327316.485166	0.307076	0.000000	0.000000	0.000000	78125600.000000
126.000000	3511327317.984251	0.213303	0.000000	0.000000	0.000000	78125400.000000
127.000000	3511327319.490337	0.304535	0.000000	0.000000	0.000000	78125200.000000
128.000000	3511327320.984423	0.227026	0.000000	0.000000	0.000000	78125000.000000
129.000000	3511327322.485509	0.281800	0.000000	0.000000	0.000000	78124800.000000
130.000000	3511327323.984595	0.202433	0.000000	0.000000	0.000000	78124600.000000
131.000000	3511327325.483680	0.177662	0.000000	0.000000	0.000000	78124400.000000
132.000000	3511327326.983766	0.204897	0.000000	0.000000	0.000000	78124200.000000
133.000000	3511327328.484852	0.134258	0.000000	0.000000	0.000000	78124000.000000
134.000000	3511327329.983938	0.161410	0.000000	0.000000	0.000000	78123800.000000
135.000000	3511327331.485023	0.098724	0.000000	0.000000	0.000000	78123600.000000
136.000000	3511327332.985109	0.026360	0.000000	0.000000	0.000000	78123400.000000
137.000000	3511327334.486195	0.074949	0.000000	0.000000	0.000000	78123200.000000
138.000000	3511327335.984281	0.029982	0.000000	0.000000	0.000000	78123000.000000
139.000000	3511327337.484367	0.073041	0.000000	0.000000	0.000000	78122800.000000
140.000000	3511327338.984453	-0.016969	0.000000	0.000000	0.000000	78122600.000000
141.000000	3511327340.485538	0.022241	0.000000	0.000000	0.000000	78122400.000000
142.000000	3511327341.983624	-0.069839	0.000000	0.000000	0.000000	78122200.000000
143.000000	3511327343.484710	-0.048260	0.000000	0.000000	0.000000	78122000.000000
144.000000	3511327344.984796	0.035170	0.000000	0.000000	0.000000	78121800.000000
145.000000	3511327346.484881	0.046357	0.000000	0.000000	0.000000	78121600.000000
146.000000	3511327347.983967	0.028748	0.000000	0.000000	0.000000	78121400.000000
147.000000	3511327349.484053	-0.014286	0.000000	0.000000	0.000000	78121200.000000
148.000000	3511327350.984139	0.082153	0.000000	0.000000	0.000000	78121000.000000
149.000000	3511327352.485225	0.029466	0.000000	0.000000	0.000000	78120800.000000
150.000000	3511327353.986310	-0.065880	0.000000	0.000000	0.000000	78120800.000000
151.000000	3511327355.484396	0.086201	0.000000	0.000000	0.000000	78120800.000000
152.000000	3511327356.983482	-0.026959	0.000000	0.000000	0.000000	78120800.000000
153.000000	3511327358.485568	0.042864	0.000000	0.000000	0.000000	78120800.000000
154.000000	3511327359.983654	0.017442	0.000000	0.000000	0.000000	78120800.000000
155.000000	3511327361.483739	0.098167	0.000000	0.000000	0.000000	78120800.000000
156.000000	3511327362.983825	0.020111	0.000000	0.000000	0.000000	78120800.000000
0.000000	3511327364.484911	0.014264	0.000000	0.000000	0.000000	78120800.000000
0.000000	3511327365.981997	0.000000	0.000000	0.000000	0.000000	78120800.000000
