1.000000	3511331491.153943	NaN	0.000000	0.000000	0.000000	78138000.000000
2.000000	3511331491.438960	0.747665	0.000000	0.000000	0.000000	78138000.000000
3.000000	3511331492.819038	0.123193	0.000000	0.000000	0.000000	78138000.000000
4.000000	3511331494.317124	0.162140	0.000000	0.000000	0.000000	78138000.000000
5.000000	3511331495.817210	0.064568	0.000000	0.000000	0.000000	78137750.000000
6.000000	3511331497.318295	0.195802	0.000000	0.000000	0.000000	78137500.000000
7.000000	3511331498.819382	0.288999	0.000000	0.000000	0.000000	78137250.000000
8.000000	3511331500.319468	0.462553	0.000000	0.000000	0.000000	78137000.000000
9.000000	3511331501.820553	0.550650	0.000000	0.000000	0.000000	78137000.000000
10.000000	3511331503.316639	0.447566	0.000000	0.000000	0.000000	78137000.000000
11.000000	3511331504.818725	0.505575	0.000000	0.000000	0.000000	78137000.000000
12.000000	3511331506.319810	0.496846	0.000000	0.000000	0.000000	78137000.000000
13.000000	3511331507.817896	0.456630	0.000000	0.000000	0.000000	78137000.000000
14.000000	3511331509.328983	0.469754	0.000000	0.000000	0.000000	78137000.000000
15.000000	3511331510.833069	0.521750	0.000000	0.000000	0.000000	78137000.000000
16.000000	3511331512.329154	0.430935	0.000000	0.000000	0.000000	78137000.000000
17.000000	3511331513.831240	0.494762	0.000000	0.000000	0.000000	78137000.000000
18.000000	3511331515.331326	0.493142	0.000000	0.000000	0.000000	78137000.000000
19.000000	3511331516.831412	0.412282	0.000000	0.000000	0.000000	78137000.000000
20.000000	3511331518.328497	0.477356	0.000000	0.000000	0.000000	78137000.000000
21.000000	3511331519.830583	0.488244	0.000000	0.000000	0.000000	78137000.000000
22.000000	3511331521.329669	0.499683	0.000000	0.000000	0.000000	78137000.000000
23.000000	3511331522.828755	0.486902	0.000000	0.000000	0.000000	78137000.000000
24.000000	3511331524.333841	0.502360	0.000000	0.000000	0.000000	78137000.000000
25.000000	3511331525.831927	0.454091	0.000000	0.000000	0.000000	78137000.000000
26.000000	3511331527.331012	0.498293	0.000000	0.000000	0.000000	78137000.000000
27.000000	3511331528.828098	0.451134	0.000000	0.000000	0.000000	78137000.000000
28.000000	3511331530.332184	0.367165	0.000000	0.000000	0.000000	78137000.000000
29.000000	3511331531.832270	0.360743	0.000000	0.000000	0.000000	78137000.000000
30.000000	3511331533.327355	0.308777	0.000000	0.000000	0.000000	78137000.000000
31.000000	3511331534.832441	0.311110	0.000000	0.000000	0.000000	78137000.000000
32.000000	3511331536.331527	0.334868	0.000000	0.000000	0.000000	78137000.000000
33.000000	3511331537.832613	0.313086	0.000000	0.000000	0.000000	78137000.000000
34.000000	3511331539.326698	0.269234	0.000000	0.000000	0.000000	78137000.000000
35.000000	3511331540.832785	0.337730	0.000000	0.000000	0.000000	78137000.000000
36.000000	3511331542.330870	0.351207	0.000000	0.000000	0.000000	78137000.000000
37.000000	3511331543.831956	0.336446	0.000000	0.000000	0.000000	78137000.000000
38.000000	3511331545.333042	0.242395	0.000000	0.000000	0.000000	78137000.000000
39.000000	3511331546.832128	0.331137	0.000000	0.000000	0.000000	78137000.000000
40.000000	3511331548.334214	0.209432	0.000000	0.000000	0.000000	78137000.000000
41.000000	3511331549.833300	0.370509	0.000000	0.000000	0.000000	78137000.000000
42.000000	3511331551.332385	0.298344	0.000000	0.000000	0.000000	78137000.000000
43.000000	3511331552.832471	0.141203	0.000000	0.000000	0.000000	78137000.000000
44.000000	3511331554.328557	0.229068	0.000000	0.000000	0.000000	78137000.000000
45.000000	3511331555.832643	0.268486	0.000000	0.000000	0.000000	78137000.000000
46.000000	3511331557.329728	0.313755	0.000000	0.000000	0.000000	78137000.000000
47.000000	3511331558.832814	0.337794	0.000000	0.000000	0.000000	78137000.000000
48.000000	3511331560.332900	0.293446	0.000000	0.000000	0.000000	78137000.000000
49.000000	3511331561.833986	0.278193	0.000000	0.000000	0.000000	78137000.000000
50.000000	3511331563.336071	0.281569	0.000000	0.000000	0.000000	78137000.000000
51.000000	3511331564.833157	0.206615	0.000000	0.000000	0.000000	78137000.000000
52.000000	3511331566.330243	0.239975	0.000000	0.000000	0.000000	78137000.000000
53.000000	3511331567.831329	0.141767	0.000000	0.000000	0.000000	78137000.000000
54.000000	3511331569.331415	0.173885	0.000000	0.000000	0.000000	78137000.000000
55.000000	3511331570.832500	0.131515	0.000000	0.000000	0.000000	78137000.000000
56.000000	3511331572.330586	0.159040	0.000000	0.000000	0.000000	78137000.000000
57.000000	3511331573.834672	0.192217	0.000000	0.000000	0.000000	78137000.000000
58.000000	3511331575.331758	0.174449	0.000000	0.000000	0.000000	78137000.000000
59.000000	3511331576.832844	0.197092	0.000000	0.000000	0.000000	78137000.000000
60.000000	3511331578.333930	0.029334	0.000000	0.000000	0.000000	78137000.000000
61.000000	3511331579.833015	-0.016354	0.000000	0.000000	0.000000	78137000.000000
62.000000	3511331581.335101	0.007577	0.000000	0.000000	0.000000	78137000.000000
63.000000	3511331582.834187	0.028016	0.000000	0.000000	0.000000	78137000.000000
64.000000	3511331584.333273	0.276223	0.000000	0.000000	0.000000	78137000.000000
65.000000	3511331585.834359	0.235728	0.000000	0.000000	0.000000	78137000.000000
66.000000	3511331587.333444	0.230103	0.000000	0.000000	0.000000	78137000.000000
67.000000	3511331588.827530	0.205404	0.000000	0.000000	0.000000	78137000.000000
68.000000	3511331590.332616	0.227775	0.000000	0.000000	0.000000	78137000.000000
69.000000	3511331591.832702	0.217997	0.000000	0.000000	0.000000	78137000.000000
70.000000	3511331593.331788	0.217144	0.000000	0.000000	0.000000	78137000.000000
71.000000	3511331594.834873	0.253104	0.000000	0.000000	0.000000	78137000.000000
72.000000	3511331596.334959	0.161424	0.000000	0.000000	0.000000	78137000.000000
73.000000	3511331597.833045	0.201654	0.000000	0.000000	0.000000	78137000.000000
74.000000	3511331599.335131	0.121721	0.000000	0.000000	0.000000	78137000.000000
75.000000	3511331600.834217	0.260861	0.000000	0.000000	0.000000	78137000.000000
76.000000	3511331602.333302	0.113271	0.000000	0.000000	0.000000	78137000.000000
77.000000	3511331603.834388	0.224331	0.000000	0.000000	0.000000	78137000.000000
78.000000	3511331605.333474	0.205306	0.000000	0.000000	0.000000	78137000.000000
79.000000	3511331606.836560	0.252728	0.000000	0.000000	0.000000	78137000.000000
80.000000	3511331608.334645	0.228513	0.000000	0.000000	0.000000	78137000.000000
81.000000	3511331609.832731	0.178633	0.000000	0.000000	0.000000	78137000.000000
82.000000	3511331611.329817	0.241945	0.000000	0.000000	0.000000	78137000.000000
83.000000	3511331612.830903	0.222884	0.000000	0.000000	0.000000	78137000.000000
84.000000	3511331614.332989	0.319405	0.000000	0.000000	0.000000	78137000.000000
85.000000	3511331615.837075	0.309939	0.000000	0.000000	0.000000	78137000.000000
86.000000	3511331617.337161	0.305911	0.000000	0.000000	0.000000	78137000.000000
87.000000	3511331618.834246	0.162236	0.000000	0.000000	0.000000	78137000.000000
88.000000	3511331620.333332	0.206831	0.000000	0.000000	0.000000	78137000.000000
89.000000	3511331621.834418	0.193089	0.000000	0.000000	0.000000	78137000.000000
90.000000	3511331623.335504	0.134154	0.000000	0.000000	0.000000	78137000.000000
91.000000	3511331624.834589	0.153544	0.000000	0.000000	0.000000	78137000.000000
92.000000	3511331626.332675	-0.075182	0.000000	0.000000	0.000000	78137000.000000
93.000000	3511331627.833761	-0.049924	0.000000	0.000000	0.000000	78137000.000000
94.000000	3511331629.335847	-0.040159	0.000000	0.000000	0.000000	78137000.000000
95.000000	3511331630.832932	0.169122	0.000000	0.000000	0.000000	78137000.000000
96.000000	3511331632.333018	-0.015466	0.000000	0.000000	0.000000	78137000.000000
97.000000	3511331633.835104	-0.035738	0.000000	0.000000	0.000000	78137000.000000
98.000000	3511331635.333189	-0.023999	0.000000	0.000000	0.000000	78137000.000000
99.000000	3511331636.833275	0.068520	0.000000	0.000000	0.000000	78137000.000000
100.000000	3511331638.330361	0.089556	0.000000	0.000000	0.000000	78137000.000000
101.000000	3511331639.833447	-0.077002	0.000000	0.000000	0.000000	78137000.000000
102.000000	3511331641.337533	-0.063706	0.000000	0.000000	0.000000	78137000.000000
103.000000	3511331642.834619	0.226192	0.000000	0.000000	0.000000	78137000.000000
104.000000	3511331644.336705	0.181450	0.000000	0.000000	0.000000	78137000.000000
105.000000	3511331645.835791	0.201964	0.000000	0.000000	0.000000	78137000.000000
106.000000	3511331647.332876	0.247011	0.000000	0.000000	0.000000	78137000.000000
107.000000	3511331648.833962	0.136788	0.000000	0.000000	0.000000	78137000.000000
108.000000	3511331650.335048	0.245806	0.000000	0.000000	0.000000	78137000.000000
109.000000	3511331651.834134	0.173558	0.000000	0.000000	0.000000	78137000.000000
110.000000	3511331653.333219	0.145569	0.000000	0.000000	0.000000	78137000.000000
111.000000	3511331654.834305	0.192892	0.000000	0.000000	0.000000	78137000.000000
112.000000	3511331656.335391	0.248776	0.000000	0.000000	0.000000	78137000.000000
113.000000	3511331657.833477	0.223337	0.000000	0.000000	0.000000	78137000.000000
114.000000	3511331659.332562	0.108134	0.000000	0.000000	0.000000	78137000.000000
115.000000	3511331660.833648	0.263957	0.000000	0.000000	0.000000	78137000.000000
116.000000	3511331662.333734	0.265786	0.000000	0.000000	0.000000	78137000.000000
117.000000	3511331663.833820	0.177727	0.000000	0.000000	0.000000	78137000.000000
118.000000	3511331665.335906	0.299169	0.000000	0.000000	0.000000	78137000.000000
119.000000	3511331666.835991	0.280924	0.000000	0.000000	0.000000	78137000.000000
120.000000	3511331668.337078	0.290495	0.000000	0.000000	0.000000	78137000.000000
121.000000	3511331669.836163	0.230679	0.000000	0.000000	0.000000	78137000.000000
122.000000	3511331671.334249	0.159609	0.000000	0.000000	0.000000	78137000.000000
123.000000	3511331672.836335	0.252884	0.000000	0.000000	0.000000	78137000.000000
124.000000	3511331674.334420	0.212338	0.000000	0.000000	0.000000	78137000.000000
125.000000	3511331675.836506	0.338980	0.000000	0.000000	0.000000	78137000.000000
126.000000	3511331677.333592	0.231827	0.000000	0.000000	0.000000	78137000.000000
127.000000	3511331678.836678	0.195067	0.000000	0.000000	0.000000	78137000.000000
128.000000	3511331680.336764	0.096046	0.000000	0.000000	0.000000	78137000.000000
129.000000	3511331681.835849	0.299770	0.000000	0.000000	0.000000	78137000.000000
130.000000	3511331683.333935	0.197742	0.000000	0.000000	0.000000	78137000.000000
131.000000	3511331684.835021	0.228234	0.000000	0.000000	0.000000	78137000.000000
132.000000	3511331686.337107	0.212705	0.000000	0.000000	0.000000	78137000.000000
133.000000	3511331687.835193	0.190284	0.000000	0.000000	0.000000	78137000.000000
134.000000	3511331689.335279	0.343648	0.000000	0.000000	0.000000	78137000.000000
135.000000	3511331690.835364	0.238756	0.000000	0.000000	0.000000	78137000.000000
136.000000	3511331692.334450	0.308406	0.000000	0.000000	0.000000	78137000.000000
137.000000	3511331693.839536	0.361551	0.000000	0.000000	0.000000	78137000.000000
138.000000	3511331695.335622	0.271633	0.000000	0.000000	0.000000	78137000.000000
139.000000	3511331696.836708	0.314845	0.000000	0.000000	0.000000	78137000.000000
140.000000	3511331698.340794	0.211589	0.000000	0.000000	0.000000	78137000.000000
141.000000	3511331699.838879	0.153776	0.000000	0.000000	0.000000	78137000.000000
142.000000	3511331701.333965	0.212795	0.000000	0.000000	0.000000	78137000.000000
143.000000	3511331702.837051	0.253115	0.000000	0.000000	0.000000	78137000.000000
144.000000	3511331704.338137	0.185168	0.000000	0.000000	0.000000	78137000.000000
145.000000	3511331705.838223	0.193313	0.000000	0.000000	0.000000	78137000.000000
146.000000	3511331707.334308	0.267009	0.000000	0.000000	0.000000	78137000.000000
147.000000	3511331708.836394	-0.015106	0.000000	0.000000	0.000000	78137000.000000
148.000000	3511331710.335480	0.087338	0.000000	0.000000	0.000000	78137000.000000
149.000000	3511331711.839566	-0.059798	0.000000	0.000000	0.000000	78137000.000000
150.000000	3511331713.336651	-0.035614	0.000000	0.000000	0.000000	78137000.000000
151.000000	3511331714.836737	0.166803	0.000000	0.000000	0.000000	78137000.000000
152.000000	3511331716.337823	0.203974	0.000000	0.000000	0.000000	78137000.000000
153.000000	3511331717.835908	0.214477	0.000000	0.000000	0.000000	78137000.000000
154.000000	3511331719.335994	0.211330	0.000000	0.000000	0.000000	78137000.000000
155.000000	3511331720.837080	0.189056	0.000000	0.000000	0.000000	78137000.000000
156.000000	3511331722.337166	0.191375	0.000000	0.000000	0.000000	78137000.000000
157.000000	3511331723.836252	0.346257	0.000000	0.000000	0.000000	78137000.000000
158.000000	3511331725.334338	0.217945	0.000000	0.000000	0.000000	78137000.000000
159.000000	3511331726.837423	0.387818	0.000000	0.000000	0.000000	78137000.000000
160.000000	3511331728.336509	0.311083	0.000000	0.000000	0.000000	78137000.000000
161.000000	3511331729.838595	0.398690	0.000000	0.000000	0.000000	78137000.000000
162.000000	3511331731.335680	0.321216	0.000000	0.000000	0.000000	78137000.000000
163.000000	3511331732.837767	0.325697	0.000000	0.000000	0.000000	78137000.000000
164.000000	3511331734.337852	0.407528	0.000000	0.000000	0.000000	78137000.000000
165.000000	3511331735.837938	0.313566	0.000000	0.000000	0.000000	78137000.000000
166.000000	3511331737.337024	0.340032	0.000000	0.000000	0.000000	78137000.000000
167.000000	3511331738.837110	0.305157	0.000000	0.000000	0.000000	78137000.000000
168.000000	3511331740.338196	0.383471	0.000000	0.000000	0.000000	78137000.000000
169.000000	3511331741.836281	0.483274	0.000000	0.000000	0.000000	78137000.000000
170.000000	3511331743.335367	0.458693	0.000000	0.000000	0.000000	78137000.000000
171.000000	3511331744.835453	0.363925	0.000000	0.000000	0.000000	78137000.000000
172.000000	3511331746.335539	0.394190	0.000000	0.000000	0.000000	78137000.000000
173.000000	3511331747.835625	0.347581	0.000000	0.000000	0.000000	78137000.000000
174.000000	3511331749.336710	0.384614	0.000000	0.000000	0.000000	78137000.000000
175.000000	3511331750.835796	0.316635	0.000000	0.000000	0.000000	78137000.000000
176.000000	3511331752.338882	0.358599	0.000000	0.000000	0.000000	78137000.000000
177.000000	3511331753.836967	0.391261	0.000000	0.000000	0.000000	78137000.000000
178.000000	3511331755.337053	0.333998	0.000000	0.000000	0.000000	78137000.000000
179.000000	3511331756.837139	0.273497	0.000000	0.000000	0.000000	78137000.000000
180.000000	3511331758.337225	0.321904	0.000000	0.000000	0.000000	78137000.000000
181.000000	3511331759.837311	0.266401	0.000000	0.000000	0.000000	78137000.000000
182.000000	3511331761.336397	0.258854	0.000000	0.000000	0.000000	78137000.000000
183.000000	3511331762.840483	0.298781	0.000000	0.000000	0.000000	78137000.000000
184.000000	3511331764.341568	0.277111	0.000000	0.000000	0.000000	78137000.000000
185.000000	3511331765.837654	0.192872	0.000000	0.000000	0.000000	78137000.000000
186.000000	3511331767.336740	0.273583	0.000000	0.000000	0.000000	78137000.000000
187.000000	3511331768.836826	0.243294	0.000000	0.000000	0.000000	78137000.000000
188.000000	3511331770.337912	0.203584	0.000000	0.000000	0.000000	78137000.000000
189.000000	3511331771.837997	0.322914	0.000000	0.000000	0.000000	78137000.000000
190.000000	3511331773.338083	0.195595	0.000000	0.000000	0.000000	78137000.000000
191.000000	3511331774.838169	0.209516	0.000000	0.000000	0.000000	78137000.000000
192.000000	3511331776.340255	0.192175	0.000000	0.000000	0.000000	78137000.000000
193.000000	3511331777.838340	0.216767	0.000000	0.000000	0.000000	78137000.000000
194.000000	3511331779.338426	0.224028	0.000000	0.000000	0.000000	78137000.000000
195.000000	3511331780.838512	0.178983	0.000000	0.000000	0.000000	78137000.000000
196.000000	3511331782.337598	0.216258	0.000000	0.000000	0.000000	78137000.000000
197.000000	3511331783.837684	0.229797	0.000000	0.000000	0.000000	78137000.000000
198.000000	3511331785.336770	0.245151	0.000000	0.000000	0.000000	78137000.000000
199.000000	3511331786.837855	0.173639	0.000000	0.000000	0.000000	78137000.000000
200.000000	3511331788.338941	0.256837	0.000000	0.000000	0.000000	78137000.000000
201.000000	3511331789.838027	0.164246	0.000000	0.000000	0.000000	78137000.000000
202.000000	3511331791.337112	0.239648	0.000000	0.000000	0.000000	78137000.000000
203.000000	3511331792.838199	0.203932	0.000000	0.000000	0.000000	78137000.000000
204.000000	3511331794.337284	0.200989	0.000000	0.000000	0.000000	78137000.000000
205.000000	3511331795.838370	0.265525	0.000000	0.000000	0.000000	78137000.000000
206.000000	3511331797.338456	0.340420	0.000000	0.000000	0.000000	78137000.000000
207.000000	3511331798.841542	0.360138	0.000000	0.000000	0.000000	78137000.000000
208.000000	3511331800.344628	0.234769	0.000000	0.000000	0.000000	78137000.000000
209.000000	3511331801.839713	0.291646	0.000000	0.000000	0.000000	78137000.000000
210.000000	3511331803.337799	0.325894	0.000000	0.000000	0.000000	78137000.000000
211.000000	3511331804.837885	0.414696	0.000000	0.000000	0.000000	78137000.000000
212.000000	3511331806.337971	0.451106	0.000000	0.000000	0.000000	78137000.000000
213.000000	3511331807.838057	0.369455	0.000000	0.000000	0.000000	78137000.000000
214.000000	3511331809.341142	0.445185	0.000000	0.000000	0.000000	78137000.000000
215.000000	3511331810.838228	0.447763	0.000000	0.000000	0.000000	78137000.000000
216.000000	3511331812.338314	0.407921	0.000000	0.000000	0.000000	78137000.000000
217.000000	3511331813.839400	0.319550	0.000000	0.000000	0.000000	78137000.000000
218.000000	3511331815.336485	0.344866	0.000000	0.000000	0.000000	78137000.000000
219.000000	3511331816.837571	0.291179	0.000000	0.000000	0.000000	78137000.000000
220.000000	3511331818.338657	0.312236	0.000000	0.000000	0.000000	78137000.000000
221.000000	3511331819.837743	0.311169	0.000000	0.000000	0.000000	78137000.000000
222.000000	3511331821.337829	0.302716	0.000000	0.000000	0.000000	78137000.000000
223.000000	3511331822.838914	0.340774	0.000000	0.000000	0.000000	78137000.000000
224.000000	3511331824.338000	0.139159	0.000000	0.000000	0.000000	78137000.000000
225.000000	3511331825.840086	0.298890	0.000000	0.000000	0.000000	78137000.000000
226.000000	3511331827.337172	0.225557	0.000000	0.000000	0.000000	78137000.000000
227.000000	3511331828.837257	0.191032	0.000000	0.000000	0.000000	78137000.000000
228.000000	3511331830.338344	0.229060	0.000000	0.000000	0.000000	78137000.000000
229.000000	3511331831.839429	0.245566	0.000000	0.000000	0.000000	78137000.000000
230.000000	3511331833.338515	0.250058	0.000000	0.000000	0.000000	78137000.000000
231.000000	3511331834.839601	0.257089	0.000000	0.000000	0.000000	78137000.000000
232.000000	3511331836.340687	0.175235	0.000000	0.000000	0.000000	78137000.000000
233.000000	3511331837.824771	0.195665	0.000000	0.000000	0.000000	78137000.000000
234.000000	3511331839.324857	0.135955	0.000000	0.000000	0.000000	78137000.000000
235.000000	3511331840.823943	0.054425	0.000000	0.000000	0.000000	78137000.000000
236.000000	3511331842.327029	0.137797	0.000000	0.000000	0.000000	78137000.000000
237.000000	3511331843.824115	0.341141	0.000000	0.000000	0.000000	78137000.000000
238.000000	3511331845.326200	0.185898	0.000000	0.000000	0.000000	78137000.000000
239.000000	3511331846.826286	0.164131	0.000000	0.000000	0.000000	78137000.000000
240.000000	3511331848.342373	0.158171	0.000000	0.000000	0.000000	78137000.000000
241.000000	3511331849.826458	0.182493	0.000000	0.000000	0.000000	78137000.000000
242.000000	3511331851.324543	0.324207	0.000000	0.000000	0.000000	78137000.000000
243.000000	3511331852.824629	0.202332	0.000000	0.000000	0.000000	78137000.000000
244.000000	3511331854.325716	0.268863	0.000000	0.000000	0.000000	78137000.000000
245.000000	3511331855.839802	0.466065	0.000000	0.000000	0.000000	78137000.000000
246.000000	3511331857.339888	0.324693	0.000000	0.000000	0.000000	78137000.000000
247.000000	3511331858.839973	0.426415	0.000000	0.000000	0.000000	78137000.000000
248.000000	3511331860.341059	1.142126	0.000000	0.000000	0.000000	78137000.000000
249.000000	3511331861.841145	0.489084	0.000000	0.000000	0.000000	78137000.000000
250.000000	3511331863.343231	0.325341	0.000000	0.000000	0.000000	78137000.000000
251.000000	3511331864.838316	0.321880	0.000000	0.000000	0.000000	78137000.000000
252.000000	3511331866.343403	0.402404	0.000000	0.000000	0.000000	78137000.000000
253.000000	3511331867.839489	-0.045379	0.000000	0.000000	0.000000	78137000.000000
254.000000	3511331869.340574	-0.063436	0.000000	0.000000	0.000000	78137000.000000
255.000000	3511331870.839660	0.130045	0.000000	0.000000	0.000000	78137000.000000
256.000000	3511331872.340746	0.250861	0.000000	0.000000	0.000000	78137000.000000
257.000000	3511331873.840832	0.036671	0.000000	0.000000	0.000000	78137000.000000
258.000000	3511331875.338917	0.058313	0.000000	0.000000	0.000000	78137000.000000
259.000000	3511331876.839003	0.096502	0.000000	0.000000	0.000000	78137000.000000
260.000000	3511331878.328088	0.193128	0.000000	0.000000	0.000000	78137000.000000
261.000000	3511331879.840175	0.196424	0.000000	0.000000	0.000000	78137000.000000
262.000000	3511331881.340261	0.311216	0.000000	0.000000	0.000000	78137000.000000
263.000000	3511331882.838346	0.139059	0.000000	0.000000	0.000000	78137000.000000
264.000000	3511331884.341432	0.393041	0.000000	0.000000	0.000000	78137000.000000
265.000000	3511331885.843518	0.397074	0.000000	0.000000	0.000000	78137000.000000
266.000000	3511331887.339603	0.168497	0.000000	0.000000	0.000000	78137000.000000
267.000000	3511331888.839689	0.394140	0.000000	0.000000	0.000000	78137000.000000
268.000000	3511331890.339775	0.341562	0.000000	0.000000	0.000000	78137000.000000
269.000000	3511331891.839861	0.214178	0.000000	0.000000	0.000000	78137000.000000
270.000000	3511331893.341947	0.027990	0.000000	0.000000	0.000000	78137000.000000
271.000000	3511331894.841033	0.258304	0.000000	0.000000	0.000000	78137000.000000
272.000000	3511331896.342119	0.147546	0.000000	0.000000	0.000000	78137000.000000
273.000000	3511331897.840204	0.209238	0.000000	0.000000	0.000000	78137000.000000
274.000000	3511331899.339290	0.250088	0.000000	0.000000	0.000000	78137000.000000
275.000000	3511331900.839376	0.229484	0.000000	0.000000	0.000000	78137000.000000
276.000000	3511331902.340462	0.216237	0.000000	0.000000	0.000000	78137000.000000
277.000000	3511331903.843548	0.123113	0.000000	0.000000	0.000000	78137000.000000
278.000000	3511331905.339633	0.020132	0.000000	0.000000	0.000000	78137000.000000
279.000000	3511331906.839719	-0.036405	0.000000	0.000000	0.000000	78137000.000000
280.000000	3511331908.341805	0.093644	0.000000	0.000000	0.000000	78137000.000000
281.000000	3511331909.841891	0.182778	0.000000	0.000000	0.000000	78137000.000000
282.000000	3511331911.337976	0.256188	0.000000	0.000000	0.000000	78137000.000000
283.000000	3511331912.840062	0.153089	0.000000	0.000000	0.000000	78137000.000000
284.000000	3511331914.342148	0.089387	0.000000	0.000000	0.000000	78137000.000000
285.000000	3511331915.840234	0.115184	0.000000	0.000000	0.000000	78137000.000000
286.000000	3511331917.341320	0.166045	0.000000	0.000000	0.000000	78137000.000000
287.000000	3511331918.841405	0.154175	0.000000	0.000000	0.000000	78137000.000000
288.000000	3511331920.342491	0.234639	0.000000	0.000000	0.000000	78137000.000000
289.000000	3511331921.841577	0.120945	0.000000	0.000000	0.000000	78137000.000000
290.000000	3511331923.339663	0.088814	0.000000	0.000000	0.000000	78137000.000000
291.000000	3511331924.840749	0.153940	0.000000	0.000000	0.000000	78137000.000000
292.000000	3511331926.340835	-0.074381	0.000000	0.000000	0.000000	78137000.000000
293.000000	3511331927.840920	0.221395	0.000000	0.000000	0.000000	78137000.000000
294.000000	3511331929.342006	0.079030	0.000000	0.000000	0.000000	78137000.000000
295.000000	3511331930.842092	0.234340	0.000000	0.000000	0.000000	78137000.000000
296.000000	3511331932.343178	0.161194	0.000000	0.000000	0.000000	78137000.000000
297.000000	3511331933.841263	0.164930	0.000000	0.000000	0.000000	78137000.000000
298.000000	3511331935.340349	0.114068	0.000000	0.000000	0.000000	78137000.000000
299.000000	3511331936.841435	0.081223	0.000000	0.000000	0.000000	78137000.000000
300.000000	3511331938.342521	0.172791	0.000000	0.000000	0.000000	78137000.000000
301.000000	3511331939.841607	0.154865	0.000000	0.000000	0.000000	78137000.000000
302.000000	3511331941.341692	0.198478	0.000000	0.000000	0.000000	78137000.000000
303.000000	3511331942.843778	0.105969	0.000000	0.000000	0.000000	78137000.000000
304.000000	3511331944.348865	0.212383	0.000000	0.000000	0.000000	78137000.000000
305.000000	3511331945.840950	0.298252	0.000000	0.000000	0.000000	78137000.000000
306.000000	3511331947.341035	0.111320	0.000000	0.000000	0.000000	78137000.000000
307.000000	3511331948.840121	0.012336	0.000000	0.000000	0.000000	78137000.000000
308.000000	3511331950.341207	0.216188	0.000000	0.000000	0.000000	78137000.000000
309.000000	3511331951.841293	0.259404	0.000000	0.000000	0.000000	78137000.000000
310.000000	3511331953.340379	0.175856	0.000000	0.000000	0.000000	78137000.000000
311.000000	3511331954.842464	0.169315	0.000000	0.000000	0.000000	78137000.000000
312.000000	3511331956.342550	0.157028	0.000000	0.000000	0.000000	78137000.000000
313.000000	3511331957.841636	0.136385	0.000000	0.000000	0.000000	78137000.000000
314.000000	3511331959.341722	0.113420	0.000000	0.000000	0.000000	78137000.000000
315.000000	3511331960.841808	0.105982	0.000000	0.000000	0.000000	78137000.000000
316.000000	3511331962.341894	0.172441	0.000000	0.000000	0.000000	78137000.000000
317.000000	3511331963.841980	0.256163	0.000000	0.000000	0.000000	78137000.000000
318.000000	3511331965.342065	0.162335	0.000000	0.000000	0.000000	78137000.000000
319.000000	3511331966.842151	0.100766	0.000000	0.000000	0.000000	78137000.000000
320.000000	3511331968.344237	0.056810	0.000000	0.000000	0.000000	78137000.000000
321.000000	3511331969.841322	0.092265	0.000000	0.000000	0.000000	78137000.000000
322.000000	3511331971.340408	0.098749	0.000000	0.000000	0.000000	78137000.000000
323.000000	3511331972.840494	0.273731	0.000000	0.000000	0.000000	78137000.000000
324.000000	3511331974.341580	0.080869	0.000000	0.000000	0.000000	78137000.000000
325.000000	3511331975.840666	0.123743	0.000000	0.000000	0.000000	78137000.000000
326.000000	3511331977.341752	0.020203	0.000000	0.000000	0.000000	78137000.000000
327.000000	3511331978.841837	0.115463	0.000000	0.000000	0.000000	78137000.000000
328.000000	3511331980.342923	0.102324	0.000000	0.000000	0.000000	78137000.000000
329.000000	3511331981.842009	0.073369	0.000000	0.000000	0.000000	78137000.000000
330.000000	3511331983.341094	0.130162	0.000000	0.000000	0.000000	78137000.000000
331.000000	3511331984.842181	0.211579	0.000000	0.000000	0.000000	78137000.000000
332.000000	3511331986.341266	0.110256	0.000000	0.000000	0.000000	78137000.000000
333.000000	3511331987.841352	0.114264	0.000000	0.000000	0.000000	78137000.000000
334.000000	3511331989.341438	0.218626	0.000000	0.000000	0.000000	78137000.000000
335.000000	3511331990.841524	0.103725	0.000000	0.000000	0.000000	78137000.000000
336.000000	3511331992.344610	-0.007301	0.000000	0.000000	0.000000	78137000.000000
337.000000	3511331993.841695	0.164499	0.000000	0.000000	0.000000	78137000.000000
338.000000	3511331995.340781	0.048158	0.000000	0.000000	0.000000	78137000.000000
339.000000	3511331996.840867	0.073514	0.000000	0.000000	0.000000	78137000.000000
340.000000	3511331998.342953	0.126847	0.000000	0.000000	0.000000	78137000.000000
341.000000	3511331999.842039	0.154386	0.000000	0.000000	0.000000	78137000.000000
342.000000	3511332001.342124	0.015732	0.000000	0.000000	0.000000	78137000.000000
343.000000	3511332002.842210	0.090765	0.000000	0.000000	0.000000	78137000.000000
344.000000	3511332004.343296	0.241187	0.000000	0.000000	0.000000	78137000.000000
0.000000	3511332005.843382	0.109692	0.000000	0.000000	0.000000	78137000.000000
0.000000	3511332007.339467	0.000000	0.000000	0.000000	0.000000	78137000.000000
