0.000	0.000	0.000	0.000	0.000
3511327131.895	0.000	0.000	0.000	NaN
3511327133.266	1.309	0.789	2.098	0.376
3511327134.765	1371.145	2.276	1373.420	0.002
3511327136.266	1308.489	49.238	1357.727	0.036
3511327137.766	1371.960	61.178	1433.138	0.043
3511327139.266	1350.369	23.011	1373.380	0.017
3511327140.766	1353.442	-40.602	1312.840	-0.031
3511327142.265	1372.805	36.824	1409.629	0.026
3511327143.765	1355.103	-17.511	1337.592	-0.013
3511327145.265	1409.665	45.236	1454.901	0.031
3511327146.764	1349.091	85.598	1434.689	0.060
3511327148.268	1435.423	14.993	1450.416	0.010
3511327149.767	1433.377	61.567	1494.944	0.041
3511327151.278	1376.655	-27.262	1349.393	-0.020
3511327152.778	1399.378	15.553	1414.931	0.011
3511327154.278	1339.125	-48.456	1290.669	-0.038
3511327155.778	1452.460	-16.496	1435.964	-0.011
3511327157.278	1442.037	-5.340	1436.697	-0.004
3511327158.778	1340.718	-32.747	1307.971	-0.025
3511327160.278	1393.516	33.067	1426.583	0.023
3511327161.778	1419.172	68.244	1487.416	0.046
3511327163.278	1392.879	-45.462	1347.417	-0.034
3511327164.778	1463.416	3.698	1467.114	0.003
3511327166.279	1356.694	30.638	1387.332	0.022
3511327167.778	1462.567	39.669	1502.236	0.026
3511327169.278	1441.683	21.044	1462.727	0.014
3511327170.778	1422.141	-2.044	1420.097	-0.001
3511327172.278	1405.782	-43.429	1362.353	-0.032
3511327173.778	1388.002	31.878	1419.880	0.022
3511327175.279	1434.262	21.280	1455.542	0.015
3511327176.778	1353.124	-21.124	1332.000	-0.016
3511327178.279	1385.739	-2.438	1383.301	-0.002
3511327179.778	1417.757	68.478	1486.235	0.046
3511327181.278	1404.224	82.680	1486.904	0.056
3511327182.779	1399.770	24.191	1423.961	0.017
3511327184.278	1337.960	-14.922	1323.038	-0.011
3511327185.779	1284.566	23.160	1307.726	0.018
3511327187.279	1315.946	155.893	1471.839	0.106
3511327188.778	1377.080	218.469	1595.549	0.137
3511327190.278	1303.436	87.878	1391.314	0.063
3511327191.778	1334.747	167.582	1502.329	0.112
3511327193.278	1348.175	134.442	1482.617	0.091
3511327194.778	1261.704	118.033	1379.737	0.086
3511327196.279	1370.474	230.407	1600.881	0.144
3511327197.779	1362.453	185.804	1548.257	0.120
3511327199.279	1287.710	184.080	1471.790	0.125
3511327200.779	1380.584	142.691	1523.275	0.094
3511327202.279	1301.213	131.069	1432.282	0.092
3511327203.779	1379.769	121.727	1501.496	0.081
3511327205.278	1320.082	150.224	1470.307	0.102
3511327206.778	1346.053	157.773	1503.826	0.105
3511327208.278	1357.114	65.333	1422.448	0.046
3511327209.779	1399.835	81.584	1481.420	0.055
3511327211.278	1338.811	92.509	1431.320	0.065
3511327212.779	1351.211	67.849	1419.060	0.048
3511327214.279	1345.911	84.251	1430.162	0.059
3511327215.778	1343.052	104.836	1447.888	0.072
3511327217.278	1371.498	90.547	1462.044	0.062
3511327218.780	1411.642	63.602	1475.244	0.043
3511327220.279	1340.655	68.416	1409.070	0.049
3511327221.779	1400.794	126.509	1527.303	0.083
3511327223.279	1358.209	38.876	1397.085	0.028
3511327224.779	1417.721	-11.078	1406.643	-0.008
3511327226.278	1363.792	66.589	1430.381	0.047
3511327227.778	1467.763	129.102	1596.865	0.081
3511327229.279	1462.640	151.251	1613.891	0.094
3511327230.778	1419.631	-2.984	1416.646	-0.002
3511327232.278	1399.240	-13.273	1385.967	-0.010
3511327233.779	1456.203	74.282	1530.485	0.049
3511327235.279	1412.384	32.116	1444.500	0.022
3511327236.779	1430.549	56.767	1487.316	0.038
3511327238.279	1376.766	0.791	1377.557	0.001
3511327239.778	1421.967	0.242	1422.209	0.000
3511327241.279	1303.365	58.900	1362.265	0.043
3511327242.779	1366.548	80.647	1447.195	0.056
3511327244.278	1237.354	92.907	1330.260	0.070
3511327245.779	1199.750	261.898	1461.648	0.179
3511327247.450	1016.097	356.218	1372.315	0.260
3511327248.779	657.618	600.762	1258.380	0.477
3511327250.279	860.178	445.265	1305.443	0.341
3511327251.778	733.031	467.342	1200.373	0.389
3511327253.280	900.362	406.076	1306.438	0.311
3511327254.779	962.027	378.753	1340.780	0.282
3511327256.279	936.340	395.011	1331.351	0.297
3511327257.778	862.513	444.484	1306.997	0.340
3511327259.279	780.883	487.600	1268.483	0.384
3511327260.779	943.545	477.387	1420.932	0.336
3511327262.279	944.290	389.904	1334.194	0.292
3511327263.779	828.273	567.938	1396.211	0.407
3511327265.279	846.611	420.456	1267.067	0.332
3511327266.778	794.100	437.422	1231.522	0.355
3511327268.279	903.680	355.742	1259.422	0.282
3511327269.779	1130.098	176.062	1306.160	0.135
3511327271.280	1319.447	45.236	1364.683	0.033
3511327272.779	1176.784	81.438	1258.222	0.065
3511327274.279	1211.167	99.340	1310.507	0.076
3511327275.779	1309.762	121.173	1430.935	0.085
3511327277.278	1162.470	20.571	1183.041	0.017
3511327278.779	1128.542	-0.311	1128.231	-0.000
3511327280.279	1157.911	8.176	1166.087	0.007
3511327281.779	1131.231	16.811	1148.042	0.015
3511327283.279	1062.706	18.767	1081.473	0.017
3511327284.779	1081.649	2.273	1083.922	0.002
3511327286.280	1040.237	65.180	1105.417	0.059
3511327287.780	985.248	49.944	1035.192	0.048
3511327289.279	968.178	70.120	1038.298	0.068
3511327290.779	987.931	26.933	1014.864	0.027
3511327292.279	918.880	30.396	949.276	0.032
3511327293.779	870.677	34.860	905.537	0.038
3511327295.279	857.357	107.511	964.868	0.111
3511327296.779	866.653	56.462	923.115	0.061
3511327298.279	828.836	119.836	948.672	0.126
3511327299.779	713.878	52.853	766.731	0.069
3511327301.279	710.517	-19.953	690.564	-0.029
3511327302.779	670.344	42.487	712.831	0.060
3511327304.279	674.511	78.769	753.280	0.105
3511327305.780	617.652	75.076	692.728	0.108
3511327307.279	668.611	129.500	798.111	0.162
3511327308.780	598.746	138.131	736.877	0.187
3511327310.280	627.970	127.062	755.032	0.168
3511327311.779	504.393	205.124	709.517	0.289
3511327313.279	489.939	128.084	618.023	0.207
3511327314.779	490.079	220.911	710.990	0.311
3511327316.279	520.363	136.169	656.532	0.207
3511327317.779	479.510	212.500	692.010	0.307
3511327319.279	483.364	131.058	614.422	0.213
3511327320.779	498.205	218.158	716.363	0.305
3511327322.279	442.758	130.040	572.798	0.227
3511327323.780	549.413	215.573	764.986	0.282
3511327325.279	522.273	132.560	654.833	0.202
3511327326.779	561.603	121.331	682.934	0.178
3511327328.279	541.813	139.624	681.437	0.205
3511327329.779	554.501	85.991	640.492	0.134
3511327331.280	700.906	134.909	835.815	0.161
3511327332.780	944.996	103.513	1048.509	0.099
3511327334.280	951.496	25.760	977.256	0.026
3511327335.779	1022.529	82.847	1105.376	0.075
3511327337.279	980.650	30.311	1010.961	0.030
3511327338.779	978.747	77.122	1055.869	0.073
3511327340.280	969.697	-16.180	953.517	-0.017
3511327341.779	1097.658	24.969	1122.627	0.022
3511327343.280	979.238	-63.924	915.314	-0.070
3511327344.780	933.085	-42.958	890.127	-0.048
3511327346.279	1029.739	37.536	1067.275	0.035
3511327347.779	1058.077	51.433	1109.510	0.046
3511327349.279	1026.769	30.391	1057.160	0.029
3511327350.779	981.958	-13.831	968.127	-0.014
3511327352.280	1034.365	92.582	1126.947	0.082
3511327353.780	1024.223	31.096	1055.318	0.029
3511327355.280	948.993	-58.656	890.337	-0.066
3511327356.779	1078.013	101.691	1179.704	0.086
3511327358.281	1019.880	-26.773	993.107	-0.027
3511327359.780	1043.379	46.727	1090.106	0.043
3511327361.280	1075.077	19.084	1094.161	0.017
3511327362.780	1020.869	111.124	1131.993	0.098
3511327364.280	1067.799	21.916	1089.714	0.020
3511327365.780	1074.689	15.551	1090.240	0.014
