1.000000	3511325966.893973	NaN	0.000000	0.000000	0.000000	78150000.000000
2.000000	3511325967.201991	0.605995	0.000000	0.000000	0.000000	78150000.000000
3.000000	3511325968.564069	0.028208	0.000000	0.000000	0.000000	78150000.000000
4.000000	3511325970.071155	0.049954	0.000000	0.000000	0.000000	78150000.000000
5.000000	3511325971.571241	0.000593	0.000000	0.000000	0.000000	78150000.000000
6.000000	3511325973.071327	0.024801	0.000000	0.000000	0.000000	78149800.000000
7.000000	3511325974.571413	0.010114	0.000000	0.000000	0.000000	78149600.000000
8.000000	3511325976.072498	-0.057543	0.000000	0.000000	0.000000	78149400.000000
9.000000	3511325977.571584	-0.055947	0.000000	0.000000	0.000000	78149200.000000
10.000000	3511325979.070670	-0.001267	0.000000	0.000000	0.000000	78149000.000000
11.000000	3511325980.570756	0.002516	0.000000	0.000000	0.000000	78148800.000000
12.000000	3511325982.071842	-0.055822	0.000000	0.000000	0.000000	78148600.000000
13.000000	3511325983.570928	-0.026227	0.000000	0.000000	0.000000	78148400.000000
14.000000	3511325985.072013	-0.063685	0.000000	0.000000	0.000000	78148200.000000
15.000000	3511325986.561099	0.039227	0.000000	0.000000	0.000000	78148000.000000
16.000000	3511325988.076185	0.031377	0.000000	0.000000	0.000000	78147800.000000
17.000000	3511325989.574271	0.002555	0.000000	0.000000	0.000000	78147600.000000
18.000000	3511325991.071356	0.000120	0.000000	0.000000	0.000000	78147400.000000
19.000000	3511325992.571442	0.063483	0.000000	0.000000	0.000000	78147200.000000
20.000000	3511325994.075528	-0.048692	0.000000	0.000000	0.000000	78147000.000000
21.000000	3511325995.572614	-0.034464	0.000000	0.000000	0.000000	78146800.000000
22.000000	3511325997.071700	0.025972	0.000000	0.000000	0.000000	78146600.000000
23.000000	3511325998.573785	-0.024807	0.000000	0.000000	0.000000	78146400.000000
24.000000	3511326000.072871	0.050111	0.000000	0.000000	0.000000	78146200.000000
25.000000	3511326001.572957	0.010099	0.000000	0.000000	0.000000	78146000.000000
26.000000	3511326003.071043	-0.003092	0.000000	0.000000	0.000000	78145800.000000
27.000000	3511326004.576129	0.016709	0.000000	0.000000	0.000000	78145600.000000
28.000000	3511326006.078215	0.037770	0.000000	0.000000	0.000000	78145400.000000
29.000000	3511326007.569300	0.012882	0.000000	0.000000	0.000000	78145200.000000
30.000000	3511326009.072386	0.020174	0.000000	0.000000	0.000000	78145000.000000
31.000000	3511326010.572472	0.037936	0.000000	0.000000	0.000000	78144800.000000
32.000000	3511326012.074558	-0.052148	0.000000	0.000000	0.000000	78144600.000000
33.000000	3511326013.572643	0.054831	0.000000	0.000000	0.000000	78144400.000000
34.000000	3511326015.070729	0.000454	0.000000	0.000000	0.000000	78144200.000000
35.000000	3511326016.573815	0.042791	0.000000	0.000000	0.000000	78144000.000000
36.000000	3511326018.072901	0.021096	0.000000	0.000000	0.000000	78143800.000000
37.000000	3511326019.572987	-0.005791	0.000000	0.000000	0.000000	78143600.000000
38.000000	3511326021.073072	0.006407	0.000000	0.000000	0.000000	78143400.000000
39.000000	3511326022.573158	0.010263	0.000000	0.000000	0.000000	78143200.000000
40.000000	3511326024.073244	0.063925	0.000000	0.000000	0.000000	78143000.000000
41.000000	3511326025.571330	0.025992	0.000000	0.000000	0.000000	78142800.000000
42.000000	3511326027.072415	0.014236	0.000000	0.000000	0.000000	78142600.000000
43.000000	3511326028.572501	0.084848	0.000000	0.000000	0.000000	78142400.000000
44.000000	3511326030.083588	0.145266	0.000000	0.000000	0.000000	78142200.000000
45.000000	3511326031.570673	0.136414	0.000000	0.000000	0.000000	78142000.000000
46.000000	3511326033.071759	0.168508	0.000000	0.000000	0.000000	78141800.000000
47.000000	3511326034.571845	0.090009	0.000000	0.000000	0.000000	78141600.000000
48.000000	3511326036.074930	0.084412	0.000000	0.000000	0.000000	78141400.000000
49.000000	3511326037.574016	0.109756	0.000000	0.000000	0.000000	78141200.000000
50.000000	3511326039.070102	0.107034	0.000000	0.000000	0.000000	78141000.000000
51.000000	3511326040.573188	0.113729	0.000000	0.000000	0.000000	78140800.000000
52.000000	3511326042.073274	0.095144	0.000000	0.000000	0.000000	78140600.000000
53.000000	3511326043.572359	0.064650	0.000000	0.000000	0.000000	78140400.000000
54.000000	3511326045.072445	0.102631	0.000000	0.000000	0.000000	78140200.000000
55.000000	3511326046.569530	0.080257	0.000000	0.000000	0.000000	78140000.000000
56.000000	3511326048.073617	0.094046	0.000000	0.000000	0.000000	78139800.000000
57.000000	3511326049.573702	0.058379	0.000000	0.000000	0.000000	78139600.000000
58.000000	3511326051.071788	0.086375	0.000000	0.000000	0.000000	78139400.000000
59.000000	3511326052.569874	0.069519	0.000000	0.000000	0.000000	78139200.000000
60.000000	3511326054.073960	0.088015	0.000000	0.000000	0.000000	78139000.000000
61.000000	3511326055.572046	0.027789	0.000000	0.000000	0.000000	78138800.000000
62.000000	3511326057.071131	0.059867	0.000000	0.000000	0.000000	78138600.000000
63.000000	3511326058.574217	0.082612	0.000000	0.000000	0.000000	78138400.000000
64.000000	3511326060.073303	0.042993	0.000000	0.000000	0.000000	78138200.000000
65.000000	3511326061.573389	0.072578	0.000000	0.000000	0.000000	78138000.000000
66.000000	3511326063.071475	0.068795	0.000000	0.000000	0.000000	78137800.000000
67.000000	3511326064.572560	0.007734	0.000000	0.000000	0.000000	78137600.000000
68.000000	3511326066.074646	0.043256	0.000000	0.000000	0.000000	78137400.000000
69.000000	3511326067.572732	0.024554	0.000000	0.000000	0.000000	78137200.000000
70.000000	3511326069.071818	0.030807	0.000000	0.000000	0.000000	78137000.000000
71.000000	3511326070.570903	0.079475	0.000000	0.000000	0.000000	78136800.000000
72.000000	3511326072.074989	0.005067	0.000000	0.000000	0.000000	78136600.000000
73.000000	3511326073.577075	0.049912	0.000000	0.000000	0.000000	78136400.000000
74.000000	3511326075.072161	0.038135	0.000000	0.000000	0.000000	78136200.000000
75.000000	3511326076.570247	0.053709	0.000000	0.000000	0.000000	78136000.000000
76.000000	3511326078.059332	0.029234	0.000000	0.000000	0.000000	78135800.000000
77.000000	3511326079.570418	0.075203	0.000000	0.000000	0.000000	78135600.000000
78.000000	3511326081.071504	0.120314	0.000000	0.000000	0.000000	78135400.000000
79.000000	3511326082.574590	0.111475	0.000000	0.000000	0.000000	78135200.000000
80.000000	3511326084.074676	0.106875	0.000000	0.000000	0.000000	78135000.000000
81.000000	3511326085.574762	0.133643	0.000000	0.000000	0.000000	78134800.000000
82.000000	3511326087.072847	0.149219	0.000000	0.000000	0.000000	78134600.000000
83.000000	3511326088.573933	0.196198	0.000000	0.000000	0.000000	78134400.000000
84.000000	3511326090.073019	0.365572	0.000000	0.000000	0.000000	78134200.000000
85.000000	3511326091.573105	0.395791	0.000000	0.000000	0.000000	78134000.000000
86.000000	3511326093.073191	0.372680	0.000000	0.000000	0.000000	78133800.000000
87.000000	3511326094.573277	0.374581	0.000000	0.000000	0.000000	78133600.000000
88.000000	3511326096.075362	0.318999	0.000000	0.000000	0.000000	78133400.000000
89.000000	3511326097.573448	0.369529	0.000000	0.000000	0.000000	78133200.000000
90.000000	3511326099.072534	0.389080	0.000000	0.000000	0.000000	78133000.000000
91.000000	3511326100.573619	0.395778	0.000000	0.000000	0.000000	78132800.000000
92.000000	3511326102.072705	0.343840	0.000000	0.000000	0.000000	78132600.000000
93.000000	3511326103.573791	0.400276	0.000000	0.000000	0.000000	78132400.000000
94.000000	3511326105.072877	0.398215	0.000000	0.000000	0.000000	78132200.000000
95.000000	3511326106.573963	0.398784	0.000000	0.000000	0.000000	78132000.000000
96.000000	3511326108.074049	0.385131	0.000000	0.000000	0.000000	78131800.000000
97.000000	3511326109.574134	0.261742	0.000000	0.000000	0.000000	78131600.000000
98.000000	3511326111.071220	0.211359	0.000000	0.000000	0.000000	78131400.000000
99.000000	3511326112.574306	0.080197	0.000000	0.000000	0.000000	78131200.000000
100.000000	3511326114.075392	0.057441	0.000000	0.000000	0.000000	78131000.000000
101.000000	3511326115.571477	0.016806	0.000000	0.000000	0.000000	78130800.000000
102.000000	3511326117.073563	0.079664	0.000000	0.000000	0.000000	78130600.000000
103.000000	3511326118.573649	0.041187	0.000000	0.000000	0.000000	78130400.000000
104.000000	3511326120.075735	-0.089253	0.000000	0.000000	0.000000	78130200.000000
105.000000	3511326121.573821	0.059625	0.000000	0.000000	0.000000	78130000.000000
106.000000	3511326123.074907	0.096847	0.000000	0.000000	0.000000	78129800.000000
107.000000	3511326124.573992	0.076131	0.000000	0.000000	0.000000	78129600.000000
108.000000	3511326126.076078	0.055312	0.000000	0.000000	0.000000	78129400.000000
109.000000	3511326127.571164	0.065713	0.000000	0.000000	0.000000	78129200.000000
110.000000	3511326129.071249	0.005720	0.000000	0.000000	0.000000	78129000.000000
111.000000	3511326130.573335	-0.022229	0.000000	0.000000	0.000000	78128800.000000
112.000000	3511326132.075421	0.086914	0.000000	0.000000	0.000000	78128600.000000
113.000000	3511326133.574507	0.045320	0.000000	0.000000	0.000000	78128400.000000
114.000000	3511326135.074593	0.061188	0.000000	0.000000	0.000000	78128200.000000
115.000000	3511326136.574679	0.117153	0.000000	0.000000	0.000000	78128000.000000
116.000000	3511326138.073764	0.148157	0.000000	0.000000	0.000000	78127800.000000
117.000000	3511326139.573850	0.162888	0.000000	0.000000	0.000000	78127600.000000
118.000000	3511326141.075936	0.177347	0.000000	0.000000	0.000000	78127400.000000
119.000000	3511326142.575022	0.091220	0.000000	0.000000	0.000000	78127200.000000
120.000000	3511326144.076108	0.053235	0.000000	0.000000	0.000000	78127000.000000
121.000000	3511326145.573194	0.248153	0.000000	0.000000	0.000000	78126800.000000
122.000000	3511326147.074279	0.274434	0.000000	0.000000	0.000000	78126600.000000
123.000000	3511326148.572365	0.225678	0.000000	0.000000	0.000000	78126400.000000
124.000000	3511326150.074451	0.187710	0.000000	0.000000	0.000000	78126200.000000
125.000000	3511326151.574537	0.205951	0.000000	0.000000	0.000000	78126000.000000
126.000000	3511326153.076622	0.202340	0.000000	0.000000	0.000000	78125800.000000
127.000000	3511326154.574708	0.294007	0.000000	0.000000	0.000000	78125600.000000
128.000000	3511326156.077794	0.278328	0.000000	0.000000	0.000000	78125400.000000
129.000000	3511326157.574880	0.377897	0.000000	0.000000	0.000000	78125200.000000
130.000000	3511326159.072966	0.380785	0.000000	0.000000	0.000000	78125000.000000
131.000000	3511326160.574051	0.325919	0.000000	0.000000	0.000000	78124800.000000
132.000000	3511326162.077137	0.341417	0.000000	0.000000	0.000000	78124600.000000
133.000000	3511326163.574223	0.406279	0.000000	0.000000	0.000000	78124400.000000
134.000000	3511326165.071309	0.340421	0.000000	0.000000	0.000000	78124200.000000
135.000000	3511326166.574395	0.276042	0.000000	0.000000	0.000000	78124000.000000
136.000000	3511326168.077481	0.253537	0.000000	0.000000	0.000000	78123800.000000
137.000000	3511326169.574566	0.288539	0.000000	0.000000	0.000000	78123600.000000
138.000000	3511326171.070652	0.216346	0.000000	0.000000	0.000000	78123400.000000
139.000000	3511326172.572738	0.197100	0.000000	0.000000	0.000000	78123200.000000
140.000000	3511326174.076824	0.166737	0.000000	0.000000	0.000000	78123000.000000
141.000000	3511326175.575910	0.042031	0.000000	0.000000	0.000000	78122800.000000
142.000000	3511326177.075995	0.139959	0.000000	0.000000	0.000000	78122600.000000
143.000000	3511326178.575081	0.105098	0.000000	0.000000	0.000000	78122400.000000
144.000000	3511326180.077167	0.045160	0.000000	0.000000	0.000000	78122200.000000
145.000000	3511326181.576252	0.061397	0.000000	0.000000	0.000000	78122000.000000
146.000000	3511326183.074338	-0.023251	0.000000	0.000000	0.000000	78121800.000000
147.000000	3511326184.575424	-0.073336	0.000000	0.000000	0.000000	78121600.000000
148.000000	3511326186.080510	0.065953	0.000000	0.000000	0.000000	78121400.000000
149.000000	3511326187.574596	0.023341	0.000000	0.000000	0.000000	78121200.000000
150.000000	3511326189.075682	0.087827	0.000000	0.000000	0.000000	78121000.000000
151.000000	3511326190.575768	0.067950	0.000000	0.000000	0.000000	78120800.000000
152.000000	3511326192.076853	-0.049252	0.000000	0.000000	0.000000	78120600.000000
153.000000	3511326193.576939	0.093980	0.000000	0.000000	0.000000	78120400.000000
154.000000	3511326195.077025	0.052729	0.000000	0.000000	0.000000	78120200.000000
155.000000	3511326196.573111	0.048159	0.000000	0.000000	0.000000	78120000.000000
156.000000	3511326198.077197	-0.079211	0.000000	0.000000	0.000000	78119800.000000
157.000000	3511326199.578282	-0.079480	0.000000	0.000000	0.000000	78119600.000000
158.000000	3511326201.074368	-0.013054	0.000000	0.000000	0.000000	78119400.000000
159.000000	3511326202.575454	-0.056702	0.000000	0.000000	0.000000	78119200.000000
160.000000	3511326204.077539	-0.022674	0.000000	0.000000	0.000000	78119000.000000
161.000000	3511326205.576625	0.016945	0.000000	0.000000	0.000000	78118800.000000
162.000000	3511326207.076711	-0.014885	0.000000	0.000000	0.000000	78118600.000000
163.000000	3511326208.574797	-0.031468	0.000000	0.000000	0.000000	78118400.000000
164.000000	3511326210.078883	0.045453	0.000000	0.000000	0.000000	78118200.000000
165.000000	3511326211.574968	0.015551	0.000000	0.000000	0.000000	78118000.000000
166.000000	3511326213.075054	-0.003448	0.000000	0.000000	0.000000	78117800.000000
167.000000	3511326214.575140	0.017026	0.000000	0.000000	0.000000	78117600.000000
168.000000	3511326216.079226	-0.056581	0.000000	0.000000	0.000000	78117400.000000
169.000000	3511326217.577312	0.112656	0.000000	0.000000	0.000000	78117200.000000
170.000000	3511326219.075397	0.007153	0.000000	0.000000	0.000000	78117000.000000
171.000000	3511326220.576483	0.020927	0.000000	0.000000	0.000000	78116800.000000
172.000000	3511326222.078569	0.041579	0.000000	0.000000	0.000000	78116600.000000
173.000000	3511326223.575655	0.084905	0.000000	0.000000	0.000000	78116600.000000
174.000000	3511326225.073740	0.019212	0.000000	0.000000	0.000000	78116600.000000
175.000000	3511326226.576827	0.075160	0.000000	0.000000	0.000000	78116600.000000
176.000000	3511326228.077912	0.072660	0.000000	0.000000	0.000000	78116600.000000
177.000000	3511326229.575998	0.002220	0.000000	0.000000	0.000000	78116600.000000
178.000000	3511326231.072083	0.053152	0.000000	0.000000	0.000000	78116600.000000
179.000000	3511326232.575170	0.115481	0.000000	0.000000	0.000000	78116600.000000
180.000000	3511326234.073255	0.024927	0.000000	0.000000	0.000000	78116600.000000
181.000000	3511326235.572341	0.019574	0.000000	0.000000	0.000000	78116600.000000
182.000000	3511326237.074427	0.017428	0.000000	0.000000	0.000000	78116600.000000
183.000000	3511326238.574513	0.035021	0.000000	0.000000	0.000000	78116600.000000
184.000000	3511326240.076599	0.037681	0.000000	0.000000	0.000000	78116600.000000
185.000000	3511326241.576684	0.019072	0.000000	0.000000	0.000000	78116600.000000
186.000000	3511326243.073770	-0.013479	0.000000	0.000000	0.000000	78116600.000000
187.000000	3511326244.575856	0.032865	0.000000	0.000000	0.000000	78116600.000000
188.000000	3511326246.075942	0.048186	0.000000	0.000000	0.000000	78116600.000000
189.000000	3511326247.574028	0.042292	0.000000	0.000000	0.000000	78116600.000000
190.000000	3511326249.076113	-0.018571	0.000000	0.000000	0.000000	78116600.000000
191.000000	3511326250.576199	0.053924	0.000000	0.000000	0.000000	78116600.000000
192.000000	3511326252.075285	0.033117	0.000000	0.000000	0.000000	78116600.000000
193.000000	3511326253.576371	0.053672	0.000000	0.000000	0.000000	78116600.000000
194.000000	3511326255.075457	-0.016678	0.000000	0.000000	0.000000	78116600.000000
195.000000	3511326256.574543	0.047493	0.000000	0.000000	0.000000	78116600.000000
196.000000	3511326258.075628	0.041212	0.000000	0.000000	0.000000	78116600.000000
197.000000	3511326259.575714	0.068224	0.000000	0.000000	0.000000	78116600.000000
198.000000	3511326261.074800	0.017303	0.000000	0.000000	0.000000	78116600.000000
199.000000	3511326262.576886	0.060212	0.000000	0.000000	0.000000	78116600.000000
200.000000	3511326264.077971	0.082411	0.000000	0.000000	0.000000	78116600.000000
201.000000	3511326265.581058	-0.035344	0.000000	0.000000	0.000000	78116600.000000
202.000000	3511326267.074143	0.076009	0.000000	0.000000	0.000000	78116600.000000
203.000000	3511326268.577229	-0.010074	0.000000	0.000000	0.000000	78116600.000000
204.000000	3511326270.076314	0.012148	0.000000	0.000000	0.000000	78116600.000000
205.000000	3511326271.576400	0.032348	0.000000	0.000000	0.000000	78116600.000000
206.000000	3511326273.074486	0.029861	0.000000	0.000000	0.000000	78116600.000000
207.000000	3511326274.575572	0.055595	0.000000	0.000000	0.000000	78116600.000000
208.000000	3511326276.078658	0.019163	0.000000	0.000000	0.000000	78116600.000000
209.000000	3511326277.579744	0.030881	0.000000	0.000000	0.000000	78116600.000000
210.000000	3511326279.074829	-0.020919	0.000000	0.000000	0.000000	78116600.000000
211.000000	3511326280.573915	0.027183	0.000000	0.000000	0.000000	78116600.000000
212.000000	3511326282.078001	0.012910	0.000000	0.000000	0.000000	78116600.000000
213.000000	3511326283.576087	0.094727	0.000000	0.000000	0.000000	78116600.000000
214.000000	3511326285.074172	0.029377	0.000000	0.000000	0.000000	78116600.000000
215.000000	3511326286.577259	0.073907	0.000000	0.000000	0.000000	78116600.000000
216.000000	3511326288.077344	-0.030506	0.000000	0.000000	0.000000	78116600.000000
217.000000	3511326289.577430	-0.000000	0.000000	0.000000	0.000000	78116600.000000
218.000000	3511326291.074516	0.032896	0.000000	0.000000	0.000000	78116600.000000
219.000000	3511326292.575602	0.056118	0.000000	0.000000	0.000000	78116600.000000
220.000000	3511326294.076687	0.093840	0.000000	0.000000	0.000000	78116600.000000
221.000000	3511326295.576773	0.048806	0.000000	0.000000	0.000000	78116600.000000
222.000000	3511326297.075859	-0.117390	0.000000	0.000000	0.000000	78116600.000000
223.000000	3511326298.576945	0.056462	0.000000	0.000000	0.000000	78116600.000000
224.000000	3511326300.079031	0.020803	0.000000	0.000000	0.000000	78116600.000000
225.000000	3511326301.578116	0.058786	0.000000	0.000000	0.000000	78116600.000000
226.000000	3511326303.074202	0.024833	0.000000	0.000000	0.000000	78116600.000000
227.000000	3511326304.575288	0.027340	0.000000	0.000000	0.000000	78116600.000000
228.000000	3511326306.076374	0.009486	0.000000	0.000000	0.000000	78116600.000000
229.000000	3511326307.575459	0.007197	0.000000	0.000000	0.000000	78116600.000000
230.000000	3511326309.077545	0.092745	0.000000	0.000000	0.000000	78116600.000000
231.000000	3511326310.581631	-0.034750	0.000000	0.000000	0.000000	78116600.000000
232.000000	3511326312.081717	0.097709	0.000000	0.000000	0.000000	78116600.000000
233.000000	3511326313.578803	0.048883	0.000000	0.000000	0.000000	78116600.000000
234.000000	3511326315.076889	0.091949	0.000000	0.000000	0.000000	78116600.000000
235.000000	3511326316.576974	0.040433	0.000000	0.000000	0.000000	78116600.000000
236.000000	3511326318.142064	-0.008600	0.000000	0.000000	0.000000	78116600.000000
237.000000	3511326319.577146	0.087830	0.000000	0.000000	0.000000	78116600.000000
238.000000	3511326321.076231	0.047560	0.000000	0.000000	0.000000	78116600.000000
239.000000	3511326322.578318	0.017511	0.000000	0.000000	0.000000	78116600.000000
240.000000	3511326324.076403	-0.066192	0.000000	0.000000	0.000000	78116600.000000
241.000000	3511326325.578489	0.035901	0.000000	0.000000	0.000000	78116600.000000
242.000000	3511326327.074574	0.059991	0.000000	0.000000	0.000000	78116600.000000
243.000000	3511326328.577661	-0.005594	0.000000	0.000000	0.000000	78116600.000000
244.000000	3511326330.077746	0.030926	0.000000	0.000000	0.000000	78116600.000000
245.000000	3511326331.576832	0.135694	0.000000	0.000000	0.000000	78116600.000000
246.000000	3511326333.076918	-0.030876	0.000000	0.000000	0.000000	78116600.000000
247.000000	3511326334.578004	-0.005325	0.000000	0.000000	0.000000	78116600.000000
248.000000	3511326336.080090	0.044971	0.000000	0.000000	0.000000	78116600.000000
249.000000	3511326337.578176	0.081320	0.000000	0.000000	0.000000	78116600.000000
250.000000	3511326339.076261	0.073727	0.000000	0.000000	0.000000	78116600.000000
251.000000	3511326340.578347	0.121978	0.000000	0.000000	0.000000	78116600.000000
252.000000	3511326342.077433	-0.043660	0.000000	0.000000	0.000000	78116600.000000
253.000000	3511326343.578518	0.065429	0.000000	0.000000	0.000000	78116600.000000
254.000000	3511326345.077604	0.027004	0.000000	0.000000	0.000000	78116600.000000
255.000000	3511326346.578690	0.097058	0.000000	0.000000	0.000000	78116600.000000
256.000000	3511326348.077776	0.050734	0.000000	0.000000	0.000000	78116600.000000
257.000000	3511326349.577862	-0.084681	0.000000	0.000000	0.000000	78116600.000000
258.000000	3511326351.077948	0.015434	0.000000	0.000000	0.000000	78116600.000000
259.000000	3511326352.578033	0.050555	0.000000	0.000000	0.000000	78116600.000000
260.000000	3511326354.079119	0.034935	0.000000	0.000000	0.000000	78116600.000000
261.000000	3511326355.578205	0.064934	0.000000	0.000000	0.000000	78116600.000000
262.000000	3511326357.078291	0.053325	0.000000	0.000000	0.000000	78116600.000000
263.000000	3511326358.577376	0.017858	0.000000	0.000000	0.000000	78116600.000000
264.000000	3511326360.078463	-0.023673	0.000000	0.000000	0.000000	78116600.000000
265.000000	3511326361.581548	0.022729	0.000000	0.000000	0.000000	78116600.000000
266.000000	3511326363.077634	0.084513	0.000000	0.000000	0.000000	78116600.000000
267.000000	3511326364.578720	0.044541	0.000000	0.000000	0.000000	78116600.000000
268.000000	3511326366.077806	0.060714	0.000000	0.000000	0.000000	78116600.000000
269.000000	3511326367.578891	-0.041084	0.000000	0.000000	0.000000	78116600.000000
270.000000	3511326369.076977	-0.148613	0.000000	0.000000	0.000000	78116600.000000
271.000000	3511326370.577063	0.098218	0.000000	0.000000	0.000000	78116600.000000
272.000000	3511326372.079149	-0.042409	0.000000	0.000000	0.000000	78116600.000000
273.000000	3511326373.578235	0.073772	0.000000	0.000000	0.000000	78116600.000000
274.000000	3511326375.078321	0.013303	0.000000	0.000000	0.000000	78116600.000000
275.000000	3511326376.578406	0.011447	0.000000	0.000000	0.000000	78116600.000000
276.000000	3511326378.078492	0.039401	0.000000	0.000000	0.000000	78116600.000000
277.000000	3511326379.579578	0.020033	0.000000	0.000000	0.000000	78116600.000000
278.000000	3511326381.078663	-0.033646	0.000000	0.000000	0.000000	78116600.000000
279.000000	3511326382.582749	0.016076	0.000000	0.000000	0.000000	78116600.000000
280.000000	3511326384.083836	-0.019435	0.000000	0.000000	0.000000	78116600.000000
281.000000	3511326385.578921	0.036543	0.000000	0.000000	0.000000	78116600.000000
282.000000	3511326387.077007	0.086314	0.000000	0.000000	0.000000	78116600.000000
283.000000	3511326388.579092	-0.023415	0.000000	0.000000	0.000000	78116600.000000
284.000000	3511326390.704214	0.019664	0.000000	0.000000	0.000000	78116600.000000
285.000000	3511326391.565263	0.058626	0.000000	0.000000	0.000000	78116600.000000
286.000000	3511326393.077350	0.019846	0.000000	0.000000	0.000000	78116600.000000
287.000000	3511326394.578436	0.029341	0.000000	0.000000	0.000000	78116600.000000
288.000000	3511326396.078522	-0.031994	0.000000	0.000000	0.000000	78116600.000000
289.000000	3511326397.580607	0.040039	0.000000	0.000000	0.000000	78116600.000000
290.000000	3511326399.077693	0.030996	0.000000	0.000000	0.000000	78116600.000000
291.000000	3511326400.577779	-0.019734	0.000000	0.000000	0.000000	78116600.000000
292.000000	3511326402.080865	0.057040	0.000000	0.000000	0.000000	78116600.000000
293.000000	3511326403.579950	-0.025914	0.000000	0.000000	0.000000	78116600.000000
294.000000	3511326405.078036	-0.034977	0.000000	0.000000	0.000000	78116600.000000
295.000000	3511326406.581122	0.065299	0.000000	0.000000	0.000000	78116600.000000
296.000000	3511326408.079208	0.031151	0.000000	0.000000	0.000000	78116600.000000
297.000000	3511326409.580294	0.053905	0.000000	0.000000	0.000000	78116600.000000
298.000000	3511326411.077379	0.062785	0.000000	0.000000	0.000000	78116600.000000
299.000000	3511326412.578465	0.042749	0.000000	0.000000	0.000000	78116600.000000
300.000000	3511326414.078551	0.031690	0.000000	0.000000	0.000000	78116600.000000
301.000000	3511326415.578637	0.006727	0.000000	0.000000	0.000000	78116600.000000
302.000000	3511326417.078722	-0.015356	0.000000	0.000000	0.000000	78116600.000000
303.000000	3511326418.578808	0.032182	0.000000	0.000000	0.000000	78116600.000000
304.000000	3511326420.079894	0.008274	0.000000	0.000000	0.000000	78116600.000000
305.000000	3511326421.579980	0.057476	0.000000	0.000000	0.000000	78116600.000000
306.000000	3511326423.078066	0.042916	0.000000	0.000000	0.000000	78116600.000000
307.000000	3511326424.579152	0.046889	0.000000	0.000000	0.000000	78116600.000000
308.000000	3511326426.080237	0.062255	0.000000	0.000000	0.000000	78116600.000000
309.000000	3511326427.580323	-0.000694	0.000000	0.000000	0.000000	78116600.000000
310.000000	3511326429.079409	0.132697	0.000000	0.000000	0.000000	78116600.000000
311.000000	3511326430.579495	0.102284	0.000000	0.000000	0.000000	78116600.000000
312.000000	3511326432.080581	-0.051224	0.000000	0.000000	0.000000	78116600.000000
313.000000	3511326433.579667	-0.002569	0.000000	0.000000	0.000000	78116600.000000
314.000000	3511326435.079752	0.025507	0.000000	0.000000	0.000000	78116600.000000
315.000000	3511326436.578838	-0.015854	0.000000	0.000000	0.000000	78116600.000000
316.000000	3511326438.079924	-0.040955	0.000000	0.000000	0.000000	78116600.000000
317.000000	3511326439.580009	-0.006452	0.000000	0.000000	0.000000	78116600.000000
318.000000	3511326441.080095	-0.044434	0.000000	0.000000	0.000000	78116600.000000
319.000000	3511326442.579181	-0.034004	0.000000	0.000000	0.000000	78116600.000000
320.000000	3511326444.082267	-0.001703	0.000000	0.000000	0.000000	78116600.000000
321.000000	3511326445.581353	0.013178	0.000000	0.000000	0.000000	78116600.000000
322.000000	3511326447.078438	-0.008170	0.000000	0.000000	0.000000	78116600.000000
323.000000	3511326448.579525	0.025174	0.000000	0.000000	0.000000	78116600.000000
324.000000	3511326450.080610	0.036110	0.000000	0.000000	0.000000	78116600.000000
325.000000	3511326451.579696	-0.034096	0.000000	0.000000	0.000000	78116600.000000
326.000000	3511326453.079782	-0.022771	0.000000	0.000000	0.000000	78116600.000000
327.000000	3511326454.579867	0.032007	0.000000	0.000000	0.000000	78116600.000000
328.000000	3511326456.080954	0.033980	0.000000	0.000000	0.000000	78116600.000000
329.000000	3511326457.581039	0.076642	0.000000	0.000000	0.000000	78116600.000000
330.000000	3511326459.080125	0.058332	0.000000	0.000000	0.000000	78116600.000000
331.000000	3511326460.580211	-0.024567	0.000000	0.000000	0.000000	78116600.000000
332.000000	3511326462.081296	0.026833	0.000000	0.000000	0.000000	78116600.000000
333.000000	3511326463.580382	0.022423	0.000000	0.000000	0.000000	78116600.000000
334.000000	3511326465.083468	0.088682	0.000000	0.000000	0.000000	78116600.000000
335.000000	3511326466.581554	0.049588	0.000000	0.000000	0.000000	78116600.000000
336.000000	3511326468.083640	0.057151	0.000000	0.000000	0.000000	78116600.000000
337.000000	3511326469.581726	0.038107	0.000000	0.000000	0.000000	78116600.000000
338.000000	3511326471.079811	0.001691	0.000000	0.000000	0.000000	78116600.000000
339.000000	3511326472.580897	0.128442	0.000000	0.000000	0.000000	78116600.000000
340.000000	3511326474.080983	-0.002571	0.000000	0.000000	0.000000	78116600.000000
341.000000	3511326475.580069	0.052406	0.000000	0.000000	0.000000	78116600.000000
342.000000	3511326477.081155	0.062954	0.000000	0.000000	0.000000	78116600.000000
343.000000	3511326478.581240	0.052062	0.000000	0.000000	0.000000	78116600.000000
344.000000	3511326480.082326	0.006034	0.000000	0.000000	0.000000	78116600.000000
345.000000	3511326481.580412	0.016913	0.000000	0.000000	0.000000	78116600.000000
346.000000	3511326483.081498	0.045758	0.000000	0.000000	0.000000	78116600.000000
347.000000	3511326484.579583	0.094496	0.000000	0.000000	0.000000	78116600.000000
348.000000	3511326486.080669	0.078731	0.000000	0.000000	0.000000	78116600.000000
349.000000	3511326487.579755	0.070534	0.000000	0.000000	0.000000	78116600.000000
350.000000	3511326489.080841	0.012012	0.000000	0.000000	0.000000	78116600.000000
351.000000	3511326490.581927	-0.016249	0.000000	0.000000	0.000000	78116600.000000
352.000000	3511326492.083013	0.038050	0.000000	0.000000	0.000000	78116600.000000
353.000000	3511326493.581098	0.060768	0.000000	0.000000	0.000000	78116600.000000
354.000000	3511326495.080184	-0.002724	0.000000	0.000000	0.000000	78116600.000000
355.000000	3511326496.581270	0.026562	0.000000	0.000000	0.000000	78116600.000000
356.000000	3511326498.083356	0.048417	0.000000	0.000000	0.000000	78116600.000000
357.000000	3511326499.582442	0.015490	0.000000	0.000000	0.000000	78116600.000000
358.000000	3511326501.080527	0.079972	0.000000	0.000000	0.000000	78116600.000000
359.000000	3511326502.581613	0.078960	0.000000	0.000000	0.000000	78116600.000000
360.000000	3511326504.081699	0.026546	0.000000	0.000000	0.000000	78116600.000000
361.000000	3511326505.581785	0.098986	0.000000	0.000000	0.000000	78116600.000000
362.000000	3511326507.080871	0.056069	0.000000	0.000000	0.000000	78116600.000000
363.000000	3511326508.579956	-0.008073	0.000000	0.000000	0.000000	78116600.000000
364.000000	3511326510.081042	-0.038266	0.000000	0.000000	0.000000	78116600.000000
365.000000	3511326511.580128	-0.050997	0.000000	0.000000	0.000000	78116600.000000
366.000000	3511326513.085214	0.053446	0.000000	0.000000	0.000000	78116600.000000
367.000000	3511326514.582300	0.067504	0.000000	0.000000	0.000000	78116600.000000
368.000000	3511326516.082385	0.037165	0.000000	0.000000	0.000000	78116600.000000
369.000000	3511326517.581471	0.037138	0.000000	0.000000	0.000000	78116600.000000
370.000000	3511326519.080557	0.007512	0.000000	0.000000	0.000000	78116600.000000
371.000000	3511326520.581643	0.011322	0.000000	0.000000	0.000000	78116600.000000
372.000000	3511326522.080729	0.101117	0.000000	0.000000	0.000000	78116600.000000
373.000000	3511326523.583815	0.026231	0.000000	0.000000	0.000000	78116600.000000
374.000000	3511326525.080900	0.021838	0.000000	0.000000	0.000000	78116600.000000
375.000000	3511326526.580986	-0.038596	0.000000	0.000000	0.000000	78116600.000000
376.000000	3511326528.082072	-0.029901	0.000000	0.000000	0.000000	78116600.000000
377.000000	3511326529.582158	-0.032909	0.000000	0.000000	0.000000	78116600.000000
378.000000	3511326531.081243	0.018342	0.000000	0.000000	0.000000	78116600.000000
379.000000	3511326532.580329	0.077300	0.000000	0.000000	0.000000	78116600.000000
380.000000	3511326534.081415	0.041464	0.000000	0.000000	0.000000	78116600.000000
381.000000	3511326535.581501	-0.000837	0.000000	0.000000	0.000000	78116600.000000
382.000000	3511326537.081586	-0.012765	0.000000	0.000000	0.000000	78116600.000000
383.000000	3511326538.581672	0.078518	0.000000	0.000000	0.000000	78116600.000000
384.000000	3511326540.082758	0.052696	0.000000	0.000000	0.000000	78116600.000000
385.000000	3511326541.584844	0.033599	0.000000	0.000000	0.000000	78116600.000000
386.000000	3511326543.081930	0.051841	0.000000	0.000000	0.000000	78116600.000000
387.000000	3511326544.581015	-0.023348	0.000000	0.000000	0.000000	78116600.000000
388.000000	3511326546.082101	-0.041847	0.000000	0.000000	0.000000	78116600.000000
389.000000	3511326547.582187	-0.085546	0.000000	0.000000	0.000000	78116600.000000
390.000000	3511326549.081273	0.060169	0.000000	0.000000	0.000000	78116600.000000
391.000000	3511326550.581358	0.079054	0.000000	0.000000	0.000000	78116600.000000
392.000000	3511326552.082444	-0.083845	0.000000	0.000000	0.000000	78116600.000000
393.000000	3511326553.581530	-0.056076	0.000000	0.000000	0.000000	78116600.000000
394.000000	3511326555.082616	0.028064	0.000000	0.000000	0.000000	78116600.000000
395.000000	3511326556.580702	0.040433	0.000000	0.000000	0.000000	78116600.000000
396.000000	3511326558.081788	-0.058522	0.000000	0.000000	0.000000	78116600.000000
397.000000	3511326559.581873	0.026930	0.000000	0.000000	0.000000	78116600.000000
398.000000	3511326561.081959	0.045929	0.000000	0.000000	0.000000	78116600.000000
399.000000	3511326562.582045	0.066887	0.000000	0.000000	0.000000	78116600.000000
400.000000	3511326564.083131	0.017635	0.000000	0.000000	0.000000	78116600.000000
401.000000	3511326565.582216	-0.077442	0.000000	0.000000	0.000000	78116600.000000
402.000000	3511326567.081302	0.022484	0.000000	0.000000	0.000000	78116600.000000
403.000000	3511326568.581388	0.058706	0.000000	0.000000	0.000000	78116600.000000
404.000000	3511326570.083474	0.017334	0.000000	0.000000	0.000000	78116600.000000
405.000000	3511326571.585560	-0.001311	0.000000	0.000000	0.000000	78116600.000000
406.000000	3511326573.081645	0.080531	0.000000	0.000000	0.000000	78116600.000000
407.000000	3511326574.581731	0.015551	0.000000	0.000000	0.000000	78116600.000000
408.000000	3511326576.082817	0.087546	0.000000	0.000000	0.000000	78116600.000000
409.000000	3511326577.581903	0.011168	0.000000	0.000000	0.000000	78116600.000000
410.000000	3511326579.080988	0.043746	0.000000	0.000000	0.000000	78116600.000000
411.000000	3511326580.581074	-0.013956	0.000000	0.000000	0.000000	78116600.000000
412.000000	3511326582.083160	-0.036656	0.000000	0.000000	0.000000	78116600.000000
413.000000	3511326583.582246	-0.001398	0.000000	0.000000	0.000000	78116600.000000
414.000000	3511326585.082332	-0.042856	0.000000	0.000000	0.000000	78116600.000000
415.000000	3511326586.582417	0.042221	0.000000	0.000000	0.000000	78116600.000000
416.000000	3511326588.082503	-0.010695	0.000000	0.000000	0.000000	78116600.000000
417.000000	3511326589.583589	-0.000253	0.000000	0.000000	0.000000	78116600.000000
418.000000	3511326591.081675	0.011250	0.000000	0.000000	0.000000	78116600.000000
419.000000	3511326592.581761	-0.028379	0.000000	0.000000	0.000000	78116600.000000
420.000000	3511326594.082847	0.048164	0.000000	0.000000	0.000000	78116600.000000
421.000000	3511326595.581933	0.016508	0.000000	0.000000	0.000000	78116600.000000
422.000000	3511326597.081018	0.042993	0.000000	0.000000	0.000000	78116600.000000
423.000000	3511326598.582104	0.033054	0.000000	0.000000	0.000000	78116600.000000
424.000000	3511326600.083190	0.018176	0.000000	0.000000	0.000000	78116600.000000
425.000000	3511326601.582275	0.049193	0.000000	0.000000	0.000000	78116600.000000
426.000000	3511326603.082361	0.070979	0.000000	0.000000	0.000000	78116600.000000
427.000000	3511326604.582447	0.046250	0.000000	0.000000	0.000000	78116600.000000
428.000000	3511326606.083533	-0.056795	0.000000	0.000000	0.000000	78116600.000000
429.000000	3511326607.581619	-0.021913	0.000000	0.000000	0.000000	78116600.000000
430.000000	3511326609.073704	0.071356	0.000000	0.000000	0.000000	78116600.000000
431.000000	3511326610.581790	0.011154	0.000000	0.000000	0.000000	78116600.000000
432.000000	3511326612.083876	0.092271	0.000000	0.000000	0.000000	78116600.000000
433.000000	3511326613.581962	0.046223	0.000000	0.000000	0.000000	78116600.000000
434.000000	3511326615.082048	0.044962	0.000000	0.000000	0.000000	78116600.000000
435.000000	3511326616.582134	0.080428	0.000000	0.000000	0.000000	78116600.000000
436.000000	3511326618.083220	0.059414	0.000000	0.000000	0.000000	78116600.000000
437.000000	3511326619.582305	0.061018	0.000000	0.000000	0.000000	78116600.000000
438.000000	3511326621.082391	-0.001394	0.000000	0.000000	0.000000	78116600.000000
439.000000	3511326622.586477	0.046411	0.000000	0.000000	0.000000	78116600.000000
440.000000	3511326624.087563	0.037954	0.000000	0.000000	0.000000	78116600.000000
441.000000	3511326625.583648	0.036856	0.000000	0.000000	0.000000	78116600.000000
442.000000	3511326627.081734	0.039931	0.000000	0.000000	0.000000	78116600.000000
443.000000	3511326628.582820	0.079950	0.000000	0.000000	0.000000	78116600.000000
444.000000	3511326630.084906	-0.033742	0.000000	0.000000	0.000000	78116600.000000
445.000000	3511326631.585992	0.018853	0.000000	0.000000	0.000000	78116600.000000
446.000000	3511326633.083077	0.036626	0.000000	0.000000	0.000000	78116600.000000
447.000000	3511326634.586164	0.040314	0.000000	0.000000	0.000000	78116600.000000
448.000000	3511326636.087249	-0.144715	0.000000	0.000000	0.000000	78116600.000000
449.000000	3511326637.583335	0.028418	0.000000	0.000000	0.000000	78116600.000000
450.000000	3511326639.082420	0.045988	0.000000	0.000000	0.000000	78116600.000000
451.000000	3511326640.583507	0.031771	0.000000	0.000000	0.000000	78116600.000000
452.000000	3511326642.083592	-0.071522	0.000000	0.000000	0.000000	78116600.000000
453.000000	3511326643.586678	0.067249	0.000000	0.000000	0.000000	78116600.000000
454.000000	3511326645.081764	-0.041125	0.000000	0.000000	0.000000	78116600.000000
455.000000	3511326646.581850	0.077277	0.000000	0.000000	0.000000	78116600.000000
456.000000	3511326648.083935	0.011663	0.000000	0.000000	0.000000	78116600.000000
457.000000	3511326649.584021	-0.094372	0.000000	0.000000	0.000000	78116600.000000
458.000000	3511326651.083107	0.050592	0.000000	0.000000	0.000000	78116600.000000
459.000000	3511326652.583193	0.076338	0.000000	0.000000	0.000000	78116600.000000
460.000000	3511326654.082278	0.033679	0.000000	0.000000	0.000000	78116600.000000
461.000000	3511326655.583364	0.051716	0.000000	0.000000	0.000000	78116600.000000
462.000000	3511326657.082450	-0.074860	0.000000	0.000000	0.000000	78116600.000000
463.000000	3511326658.583536	-0.005563	0.000000	0.000000	0.000000	78116600.000000
464.000000	3511326660.082622	0.082105	0.000000	0.000000	0.000000	78116600.000000
465.000000	3511326661.583707	-0.012300	0.000000	0.000000	0.000000	78116600.000000
466.000000	3511326663.081793	-0.023438	0.000000	0.000000	0.000000	78116600.000000
467.000000	3511326664.582879	0.045827	0.000000	0.000000	0.000000	78116600.000000
468.000000	3511326666.082965	0.071714	0.000000	0.000000	0.000000	78116600.000000
469.000000	3511326667.582051	0.048486	0.000000	0.000000	0.000000	78116600.000000
470.000000	3511326669.083137	-0.021807	0.000000	0.000000	0.000000	78116600.000000
471.000000	3511326670.586222	0.028967	0.000000	0.000000	0.000000	78116600.000000
472.000000	3511326672.087308	-0.060182	0.000000	0.000000	0.000000	78116600.000000
473.000000	3511326673.584394	0.017016	0.000000	0.000000	0.000000	78116600.000000
474.000000	3511326675.082479	0.029098	0.000000	0.000000	0.000000	78116600.000000
475.000000	3511326676.583565	0.016891	0.000000	0.000000	0.000000	78116600.000000
476.000000	3511326678.082651	0.031429	0.000000	0.000000	0.000000	78116600.000000
477.000000	3511326679.587737	0.051274	0.000000	0.000000	0.000000	78116600.000000
478.000000	3511326681.081823	0.040257	0.000000	0.000000	0.000000	78116600.000000
479.000000	3511326682.582909	-0.007587	0.000000	0.000000	0.000000	78116600.000000
480.000000	3511326684.083994	0.041623	0.000000	0.000000	0.000000	78116600.000000
481.000000	3511326685.585080	0.050385	0.000000	0.000000	0.000000	78116600.000000
482.000000	3511326687.083166	0.049995	0.000000	0.000000	0.000000	78116600.000000
483.000000	3511326688.583252	-0.047753	0.000000	0.000000	0.000000	78116600.000000
484.000000	3511326690.084338	0.046098	0.000000	0.000000	0.000000	78116600.000000
485.000000	3511326691.583424	-0.002721	0.000000	0.000000	0.000000	78116600.000000
486.000000	3511326693.082509	-0.037582	0.000000	0.000000	0.000000	78116600.000000
487.000000	3511326694.582595	0.006010	0.000000	0.000000	0.000000	78116600.000000
488.000000	3511326696.084681	0.059956	0.000000	0.000000	0.000000	78116600.000000
489.000000	3511326697.582767	-0.008747	0.000000	0.000000	0.000000	78116600.000000
490.000000	3511326699.082852	0.036156	0.000000	0.000000	0.000000	78116600.000000
491.000000	3511326700.581938	0.016786	0.000000	0.000000	0.000000	78116600.000000
492.000000	3511326702.083024	0.002426	0.000000	0.000000	0.000000	78116600.000000
493.000000	3511326703.583110	0.080104	0.000000	0.000000	0.000000	78116600.000000
494.000000	3511326705.083196	-0.023930	0.000000	0.000000	0.000000	78116600.000000
495.000000	3511326706.584281	0.035142	0.000000	0.000000	0.000000	78116600.000000
496.000000	3511326708.083367	-0.011433	0.000000	0.000000	0.000000	78116600.000000
497.000000	3511326709.582453	0.072259	0.000000	0.000000	0.000000	78116600.000000
498.000000	3511326711.082539	0.024400	0.000000	0.000000	0.000000	78116600.000000
499.000000	3511326712.583624	0.017260	0.000000	0.000000	0.000000	78116600.000000
500.000000	3511326714.082710	0.036740	0.000000	0.000000	0.000000	78116600.000000
501.000000	3511326715.582796	-0.025589	0.000000	0.000000	0.000000	78116600.000000
502.000000	3511326717.082882	0.037490	0.000000	0.000000	0.000000	78116600.000000
503.000000	3511326718.582968	-0.005878	0.000000	0.000000	0.000000	78116600.000000
504.000000	3511326720.083054	0.049715	0.000000	0.000000	0.000000	78116600.000000
505.000000	3511326721.584139	-0.022604	0.000000	0.000000	0.000000	78116600.000000
506.000000	3511326723.084225	0.060294	0.000000	0.000000	0.000000	78116600.000000
507.000000	3511326724.583311	0.064572	0.000000	0.000000	0.000000	78116600.000000
508.000000	3511326726.085397	0.019382	0.000000	0.000000	0.000000	78116600.000000
509.000000	3511326727.583482	0.072279	0.000000	0.000000	0.000000	78116600.000000
510.000000	3511326729.084568	0.035352	0.000000	0.000000	0.000000	78116600.000000
511.000000	3511326730.582654	-0.018741	0.000000	0.000000	0.000000	78116600.000000
512.000000	3511326732.084740	-0.035124	0.000000	0.000000	0.000000	78116600.000000
513.000000	3511326733.582826	-0.082388	0.000000	0.000000	0.000000	78116600.000000
514.000000	3511326735.089912	0.018276	0.000000	0.000000	0.000000	78116600.000000
515.000000	3511326736.582997	0.100712	0.000000	0.000000	0.000000	78116600.000000
516.000000	3511326738.088083	-0.000140	0.000000	0.000000	0.000000	78116600.000000
517.000000	3511326739.584169	0.094922	0.000000	0.000000	0.000000	78116600.000000
518.000000	3511326741.083255	0.073489	0.000000	0.000000	0.000000	78116600.000000
519.000000	3511326742.584341	0.075637	0.000000	0.000000	0.000000	78116600.000000
520.000000	3511326744.085426	-0.004963	0.000000	0.000000	0.000000	78116600.000000
521.000000	3511326745.584512	0.009271	0.000000	0.000000	0.000000	78116600.000000
522.000000	3511326747.083598	0.081460	0.000000	0.000000	0.000000	78116600.000000
523.000000	3511326748.582684	-0.002249	0.000000	0.000000	0.000000	78116600.000000
524.000000	3511326750.083769	0.042596	0.000000	0.000000	0.000000	78116600.000000
525.000000	3511326751.582855	0.097404	0.000000	0.000000	0.000000	78116600.000000
526.000000	3511326753.082941	0.055796	0.000000	0.000000	0.000000	78116600.000000
527.000000	3511326754.583027	-0.028098	0.000000	0.000000	0.000000	78116600.000000
528.000000	3511326756.085113	0.025041	0.000000	0.000000	0.000000	78116600.000000
529.000000	3511326757.583199	-0.005958	0.000000	0.000000	0.000000	78116600.000000
530.000000	3511326759.084284	0.028625	0.000000	0.000000	0.000000	78116600.000000
531.000000	3511326760.584370	0.004484	0.000000	0.000000	0.000000	78116600.000000
532.000000	3511326762.237464	-0.001979	0.000000	0.000000	0.000000	78116600.000000
533.000000	3511326763.584542	0.027161	0.000000	0.000000	0.000000	78116600.000000
534.000000	3511326765.082627	0.043521	0.000000	0.000000	0.000000	78116600.000000
535.000000	3511326766.582713	0.049633	0.000000	0.000000	0.000000	78116600.000000
536.000000	3511326768.084799	-0.049864	0.000000	0.000000	0.000000	78116600.000000
537.000000	3511326769.584885	0.048321	0.000000	0.000000	0.000000	78116600.000000
538.000000	3511326771.083971	-0.021460	0.000000	0.000000	0.000000	78116600.000000
539.000000	3511326772.584056	0.021460	0.000000	0.000000	0.000000	78116600.000000
540.000000	3511326774.084142	0.029197	0.000000	0.000000	0.000000	78116600.000000
541.000000	3511326775.583228	0.036263	0.000000	0.000000	0.000000	78116600.000000
542.000000	3511326777.084314	0.030029	0.000000	0.000000	0.000000	78116600.000000
543.000000	3511326778.585400	0.067988	0.000000	0.000000	0.000000	78116600.000000
544.000000	3511326780.085485	-0.008486	0.000000	0.000000	0.000000	78116600.000000
545.000000	3511326781.583571	-0.016424	0.000000	0.000000	0.000000	78116600.000000
546.000000	3511326783.083657	-0.045044	0.000000	0.000000	0.000000	78116600.000000
547.000000	3511326784.583743	0.023060	0.000000	0.000000	0.000000	78116600.000000
548.000000	3511326786.083828	-0.036861	0.000000	0.000000	0.000000	78116600.000000
549.000000	3511326787.584914	-0.017791	0.000000	0.000000	0.000000	78116600.000000
550.000000	3511326789.085000	-0.059220	0.000000	0.000000	0.000000	78116600.000000
551.000000	3511326790.583086	-0.054347	0.000000	0.000000	0.000000	78116600.000000
552.000000	3511326792.087172	0.020536	0.000000	0.000000	0.000000	78116600.000000
553.000000	3511326793.584258	0.089381	0.000000	0.000000	0.000000	78116600.000000
554.000000	3511326795.084343	-0.034411	0.000000	0.000000	0.000000	78116600.000000
555.000000	3511326796.584429	0.073615	0.000000	0.000000	0.000000	78116600.000000
556.000000	3511326798.085515	0.036519	0.000000	0.000000	0.000000	78116600.000000
557.000000	3511326799.583601	0.058686	0.000000	0.000000	0.000000	78116600.000000
558.000000	3511326801.084686	0.036466	0.000000	0.000000	0.000000	78116600.000000
559.000000	3511326802.582772	0.066458	0.000000	0.000000	0.000000	78116600.000000
560.000000	3511326804.084858	0.023669	0.000000	0.000000	0.000000	78116600.000000
561.000000	3511326805.583944	0.031930	0.000000	0.000000	0.000000	78116600.000000
562.000000	3511326807.084030	0.014856	0.000000	0.000000	0.000000	78116600.000000
563.000000	3511326808.583116	0.010627	0.000000	0.000000	0.000000	78116600.000000
564.000000	3511326810.086201	0.006260	0.000000	0.000000	0.000000	78116600.000000
565.000000	3511326811.584287	-0.022656	0.000000	0.000000	0.000000	78116600.000000
566.000000	3511326813.084373	0.039145	0.000000	0.000000	0.000000	78116600.000000
567.000000	3511326814.593459	0.035153	0.000000	0.000000	0.000000	78116600.000000
568.000000	3511326816.085545	0.062424	0.000000	0.000000	0.000000	78116600.000000
569.000000	3511326817.584630	-0.024775	0.000000	0.000000	0.000000	78116600.000000
570.000000	3511326819.084716	0.112947	0.000000	0.000000	0.000000	78116600.000000
571.000000	3511326820.587802	0.011750	0.000000	0.000000	0.000000	78116600.000000
572.000000	3511326822.089888	0.088362	0.000000	0.000000	0.000000	78116600.000000
573.000000	3511326823.593974	0.021888	0.000000	0.000000	0.000000	78116600.000000
574.000000	3511326825.085059	0.062483	0.000000	0.000000	0.000000	78116600.000000
575.000000	3511326826.585145	0.047401	0.000000	0.000000	0.000000	78116600.000000
576.000000	3511326828.085231	0.052412	0.000000	0.000000	0.000000	78116600.000000
577.000000	3511326829.585317	0.050120	0.000000	0.000000	0.000000	78116600.000000
578.000000	3511326831.094403	-0.006055	0.000000	0.000000	0.000000	78116600.000000
579.000000	3511326832.585488	0.044069	0.000000	0.000000	0.000000	78116600.000000
580.000000	3511326834.085574	0.058702	0.000000	0.000000	0.000000	78116600.000000
581.000000	3511326835.584660	0.011443	0.000000	0.000000	0.000000	78116600.000000
582.000000	3511326837.088746	-0.026508	0.000000	0.000000	0.000000	78116600.000000
583.000000	3511326838.584831	0.029302	0.000000	0.000000	0.000000	78116600.000000
584.000000	3511326840.085917	0.008926	0.000000	0.000000	0.000000	78116600.000000
585.000000	3511326841.585003	0.006979	0.000000	0.000000	0.000000	78116600.000000
586.000000	3511326843.084089	0.035740	0.000000	0.000000	0.000000	78116600.000000
587.000000	3511326844.594175	-0.004813	0.000000	0.000000	0.000000	78116600.000000
588.000000	3511326846.085260	0.051979	0.000000	0.000000	0.000000	78116600.000000
589.000000	3511326847.585346	0.023161	0.000000	0.000000	0.000000	78116600.000000
590.000000	3511326849.084432	0.002940	0.000000	0.000000	0.000000	78116600.000000
591.000000	3511326850.585518	0.043113	0.000000	0.000000	0.000000	78116600.000000
592.000000	3511326852.085604	0.046972	0.000000	0.000000	0.000000	78116600.000000
593.000000	3511326853.585690	-0.079665	0.000000	0.000000	0.000000	78116600.000000
594.000000	3511326855.083775	0.023298	0.000000	0.000000	0.000000	78116600.000000
595.000000	3511326856.584861	-0.035171	0.000000	0.000000	0.000000	78116600.000000
596.000000	3511326858.085947	-0.016775	0.000000	0.000000	0.000000	78116600.000000
597.000000	3511326859.585032	0.022254	0.000000	0.000000	0.000000	78116600.000000
598.000000	3511326861.085118	0.013027	0.000000	0.000000	0.000000	78116600.000000
599.000000	3511326862.585204	-0.009324	0.000000	0.000000	0.000000	78116600.000000
600.000000	3511326864.086290	0.001573	0.000000	0.000000	0.000000	78116600.000000
601.000000	3511326865.585376	0.020337	0.000000	0.000000	0.000000	78116600.000000
602.000000	3511326867.083461	-0.112359	0.000000	0.000000	0.000000	78116600.000000
603.000000	3511326868.585547	0.025300	0.000000	0.000000	0.000000	78116600.000000
604.000000	3511326870.085633	0.068763	0.000000	0.000000	0.000000	78116600.000000
605.000000	3511326871.584719	0.093430	0.000000	0.000000	0.000000	78116600.000000
606.000000	3511326873.084805	0.099473	0.000000	0.000000	0.000000	78116600.000000
607.000000	3511326874.585890	0.034995	0.000000	0.000000	0.000000	78116600.000000
608.000000	3511326876.085976	0.057911	0.000000	0.000000	0.000000	78116600.000000
609.000000	3511326877.585062	0.024512	0.000000	0.000000	0.000000	78116600.000000
610.000000	3511326879.085148	-0.021126	0.000000	0.000000	0.000000	78116600.000000
611.000000	3511326880.585234	0.067768	0.000000	0.000000	0.000000	78116600.000000
612.000000	3511326882.086319	0.033170	0.000000	0.000000	0.000000	78116600.000000
613.000000	3511326883.585405	0.067117	0.000000	0.000000	0.000000	78116600.000000
614.000000	3511326885.085491	0.038146	0.000000	0.000000	0.000000	78116600.000000
615.000000	3511326886.585577	0.108145	0.000000	0.000000	0.000000	78116600.000000
616.000000	3511326888.085663	0.110735	0.000000	0.000000	0.000000	78116600.000000
617.000000	3511326889.585749	0.022295	0.000000	0.000000	0.000000	78116600.000000
618.000000	3511326891.084834	0.061545	0.000000	0.000000	0.000000	78116600.000000
619.000000	3511326892.585920	0.028247	0.000000	0.000000	0.000000	78116600.000000
620.000000	3511326894.086006	0.104923	0.000000	0.000000	0.000000	78116600.000000
621.000000	3511326895.585092	0.032711	0.000000	0.000000	0.000000	78116600.000000
622.000000	3511326897.085177	0.013230	0.000000	0.000000	0.000000	78116600.000000
623.000000	3511326898.585263	0.020497	0.000000	0.000000	0.000000	78116600.000000
624.000000	3511326900.099350	0.038625	0.000000	0.000000	0.000000	78116600.000000
625.000000	3511326901.585435	0.071943	0.000000	0.000000	0.000000	78116600.000000
626.000000	3511326903.091521	0.091328	0.000000	0.000000	0.000000	78116600.000000
627.000000	3511326904.585607	0.022481	0.000000	0.000000	0.000000	78116600.000000
628.000000	3511326906.085692	-0.020833	0.000000	0.000000	0.000000	78116600.000000
629.000000	3511326907.584778	0.031397	0.000000	0.000000	0.000000	78116600.000000
630.000000	3511326909.084864	-0.006789	0.000000	0.000000	0.000000	78116600.000000
631.000000	3511326910.585949	-0.009010	0.000000	0.000000	0.000000	78116600.000000
632.000000	3511326912.087036	-0.003050	0.000000	0.000000	0.000000	78116600.000000
633.000000	3511326913.587121	0.014107	0.000000	0.000000	0.000000	78116600.000000
634.000000	3511326915.085207	0.055190	0.000000	0.000000	0.000000	78116600.000000
635.000000	3511326916.586293	0.034300	0.000000	0.000000	0.000000	78116600.000000
636.000000	3511326918.086379	0.030825	0.000000	0.000000	0.000000	78116600.000000
637.000000	3511326919.590465	0.005657	0.000000	0.000000	0.000000	78116600.000000
638.000000	3511326921.085550	0.028258	0.000000	0.000000	0.000000	78116600.000000
639.000000	3511326922.585636	-0.000075	0.000000	0.000000	0.000000	78116600.000000
640.000000	3511326924.086722	0.031521	0.000000	0.000000	0.000000	78116600.000000
641.000000	3511326925.585808	-0.029311	0.000000	0.000000	0.000000	78116600.000000
642.000000	3511326927.086894	-0.101278	0.000000	0.000000	0.000000	78116600.000000
643.000000	3511326928.584979	0.033074	0.000000	0.000000	0.000000	78116600.000000
644.000000	3511326930.086065	0.079153	0.000000	0.000000	0.000000	78116600.000000
645.000000	3511326931.585151	-0.034462	0.000000	0.000000	0.000000	78116600.000000
646.000000	3511326933.085237	0.004510	0.000000	0.000000	0.000000	78116600.000000
647.000000	3511326934.587322	0.032456	0.000000	0.000000	0.000000	78116600.000000
648.000000	3511326936.086408	-0.028271	0.000000	0.000000	0.000000	78116600.000000
649.000000	3511326937.591494	0.009880	0.000000	0.000000	0.000000	78116600.000000
650.000000	3511326939.085580	0.048408	0.000000	0.000000	0.000000	78116600.000000
651.000000	3511326940.584665	0.032587	0.000000	0.000000	0.000000	78116600.000000
652.000000	3511326942.085752	0.017766	0.000000	0.000000	0.000000	78116600.000000
653.000000	3511326943.586837	0.010727	0.000000	0.000000	0.000000	78116600.000000
654.000000	3511326945.085923	0.037381	0.000000	0.000000	0.000000	78116600.000000
655.000000	3511326946.587009	0.023770	0.000000	0.000000	0.000000	78116600.000000
656.000000	3511326948.088095	0.023084	0.000000	0.000000	0.000000	78116600.000000
657.000000	3511326949.587181	0.063767	0.000000	0.000000	0.000000	78116600.000000
658.000000	3511326951.085266	0.006546	0.000000	0.000000	0.000000	78116600.000000
659.000000	3511326952.585352	0.032801	0.000000	0.000000	0.000000	78116600.000000
660.000000	3511326954.087438	0.022402	0.000000	0.000000	0.000000	78116600.000000
661.000000	3511326955.586524	0.032431	0.000000	0.000000	0.000000	78116600.000000
662.000000	3511326957.085609	0.061124	0.000000	0.000000	0.000000	78116600.000000
663.000000	3511326958.586695	0.000438	0.000000	0.000000	0.000000	78116600.000000
664.000000	3511326960.086781	0.032420	0.000000	0.000000	0.000000	78116600.000000
665.000000	3511326961.586867	0.011857	0.000000	0.000000	0.000000	78116600.000000
666.000000	3511326963.085952	0.059608	0.000000	0.000000	0.000000	78116600.000000
667.000000	3511326964.586038	0.038936	0.000000	0.000000	0.000000	78116600.000000
668.000000	3511326966.087124	0.021563	0.000000	0.000000	0.000000	78116600.000000
669.000000	3511326967.587210	0.043122	0.000000	0.000000	0.000000	78116600.000000
670.000000	3511326969.095296	0.000083	0.000000	0.000000	0.000000	78116600.000000
671.000000	3511326970.587381	-0.003359	0.000000	0.000000	0.000000	78116600.000000
672.000000	3511326972.087467	0.000393	0.000000	0.000000	0.000000	78116600.000000
673.000000	3511326973.587553	0.031777	0.000000	0.000000	0.000000	78116600.000000
674.000000	3511326975.085639	-0.020904	0.000000	0.000000	0.000000	78116600.000000
675.000000	3511326976.586725	-0.049007	0.000000	0.000000	0.000000	78116600.000000
676.000000	3511326978.086811	0.003904	0.000000	0.000000	0.000000	78116600.000000
677.000000	3511326979.586896	0.043763	0.000000	0.000000	0.000000	78116600.000000
678.000000	3511326981.085982	0.035749	0.000000	0.000000	0.000000	78116600.000000
679.000000	3511326982.587068	0.094278	0.000000	0.000000	0.000000	78116600.000000
680.000000	3511326984.086154	0.043705	0.000000	0.000000	0.000000	78116600.000000
681.000000	3511326985.587239	0.091105	0.000000	0.000000	0.000000	78116600.000000
682.000000	3511326987.085325	-0.041843	0.000000	0.000000	0.000000	78116600.000000
683.000000	3511326988.586411	0.038060	0.000000	0.000000	0.000000	78116600.000000
684.000000	3511326990.088497	-0.784500	0.000000	0.000000	0.000000	78116600.000000
685.000000	3511326991.591583	0.018759	0.000000	0.000000	0.000000	78116600.000000
686.000000	3511326993.087668	0.099516	0.000000	0.000000	0.000000	78116600.000000
687.000000	3511326994.586754	0.051618	0.000000	0.000000	0.000000	78116600.000000
688.000000	3511326996.086840	0.072620	0.000000	0.000000	0.000000	78116600.000000
689.000000	3511326997.586926	-0.048514	0.000000	0.000000	0.000000	78116600.000000
690.000000	3511326999.086011	0.001590	0.000000	0.000000	0.000000	78116600.000000
691.000000	3511327000.587097	0.011243	0.000000	0.000000	0.000000	78116600.000000
692.000000	3511327002.099184	0.000968	0.000000	0.000000	0.000000	78116600.000000
693.000000	3511327003.587269	0.076892	0.000000	0.000000	0.000000	78116600.000000
694.000000	3511327005.086355	0.009230	0.000000	0.000000	0.000000	78116600.000000
695.000000	3511327006.587440	0.054868	0.000000	0.000000	0.000000	78116600.000000
696.000000	3511327008.087526	0.063757	0.000000	0.000000	0.000000	78116600.000000
697.000000	3511327009.586612	0.015919	0.000000	0.000000	0.000000	78116600.000000
698.000000	3511327011.085698	-0.019627	0.000000	0.000000	0.000000	78116600.000000
699.000000	3511327012.586784	-0.012008	0.000000	0.000000	0.000000	78116600.000000
700.000000	3511327014.089869	0.036040	0.000000	0.000000	0.000000	78116600.000000
701.000000	3511327015.586955	0.084372	0.000000	0.000000	0.000000	78116600.000000
702.000000	3511327017.089041	0.016984	0.000000	0.000000	0.000000	78116600.000000
703.000000	3511327018.587127	0.011592	0.000000	0.000000	0.000000	78116600.000000
704.000000	3511327020.088213	-0.046192	0.000000	0.000000	0.000000	78116600.000000
705.000000	3511327021.587298	0.024658	0.000000	0.000000	0.000000	78116600.000000
706.000000	3511327023.086384	0.006820	0.000000	0.000000	0.000000	78116600.000000
707.000000	3511327024.590470	-0.013339	0.000000	0.000000	0.000000	78116600.000000
708.000000	3511327026.091556	0.058972	0.000000	0.000000	0.000000	78116600.000000
0.000000	3511327027.586642	0.057547	0.000000	0.000000	0.000000	78116600.000000
0.000000	3511327029.081727	0.000000	0.000000	0.000000	0.000000	78116600.000000
