0.000	0.000	0.000	0.000	0.000
3511328269.426	0.000	0.000	0.000	NaN
3511328269.463	0.000	0.000	0.000	NaN
3511328270.951	-5.727	-43.822	-49.549	0.884
3511328272.450	1242.230	-66.124	1176.106	-0.056
3511328273.951	1244.105	76.889	1320.994	0.058
3511328275.452	1269.971	102.484	1372.455	0.075
3511328276.950	1223.323	-0.004	1223.319	-0.000
3511328278.450	1306.726	68.953	1375.679	0.050
3511328279.952	1243.571	23.949	1267.520	0.019
3511328281.449	1168.725	34.629	1203.354	0.029
3511328282.950	1228.624	24.731	1253.355	0.020
3511328284.452	1277.109	43.111	1320.220	0.033
3511328285.966	1204.699	-4.791	1199.908	-0.004
3511328287.466	1328.530	12.804	1341.334	0.010
3511328288.966	1209.648	11.864	1221.513	0.010
3511328290.465	1307.150	10.920	1318.070	0.008
3511328291.966	1208.232	18.060	1226.292	0.015
3511328293.464	1167.912	-65.180	1102.732	-0.059
3511328294.965	1245.338	11.776	1257.113	0.009
3511328296.465	1191.304	0.231	1191.535	0.000
3511328297.965	1093.238	-14.611	1078.627	-0.014
3511328299.465	1258.943	-24.971	1233.972	-0.020
3511328300.965	1309.830	63.133	1372.963	0.046
3511328302.465	1154.552	-26.698	1127.854	-0.024
3511328303.968	1192.933	34.482	1227.415	0.028
3511328305.464	1211.273	98.009	1309.282	0.075
3511328306.964	1276.296	18.060	1294.356	0.014
3511328308.466	1279.691	91.576	1371.267	0.067
3511328309.966	1154.698	73.276	1227.973	0.060
3511328311.466	1111.085	185.020	1296.105	0.143
3511328312.965	1196.997	140.178	1337.175	0.105
3511328314.465	1246.718	172.300	1419.018	0.121
3511328315.965	1196.255	186.273	1382.528	0.135
3511328317.464	1100.914	140.416	1241.329	0.113
3511328318.966	1187.277	157.924	1345.201	0.117
3511328320.466	1093.875	92.502	1186.377	0.078
3511328321.966	1159.573	88.118	1247.691	0.071
3511328323.465	1117.304	106.722	1224.026	0.087
3511328324.966	1194.945	149.444	1344.390	0.111
3511328326.465	1238.132	167.824	1405.956	0.119
3511328327.966	1147.554	116.140	1263.694	0.092
3511328329.465	1132.010	94.869	1226.879	0.077
3511328330.966	1141.193	96.744	1237.937	0.078
3511328332.465	1200.532	136.333	1336.865	0.102
3511328333.965	1145.509	98.402	1243.911	0.079
3511328335.465	1105.890	91.253	1197.143	0.076
3511328336.966	1213.357	103.820	1317.177	0.079
3511328338.466	1188.898	37.289	1226.187	0.030
3511328339.967	1293.723	142.698	1436.421	0.099
3511328341.466	1217.951	23.398	1241.349	0.019
3511328342.965	1208.339	12.956	1221.295	0.011
3511328344.466	1280.433	80.498	1360.931	0.059
3511328345.966	1213.255	-12.953	1200.302	-0.011
3511328347.465	1234.950	46.027	1280.977	0.036
3511328348.965	1226.925	39.811	1266.736	0.031
3511328350.466	1280.183	93.769	1373.952	0.068
3511328351.967	1339.270	113.551	1452.821	0.078
3511328353.465	1227.847	67.531	1295.378	0.052
3511328354.967	1122.006	41.698	1163.704	0.036
3511328356.467	1096.774	219.811	1316.585	0.167
3511328357.966	1198.836	206.458	1405.294	0.147
3511328359.467	868.768	249.491	1118.259	0.223
3511328360.966	746.144	445.424	1191.568	0.374
3511328362.467	648.255	430.973	1079.228	0.399
3511328363.966	853.785	381.891	1235.676	0.309
3511328365.465	981.395	340.667	1322.062	0.258
3511328366.965	751.515	512.962	1264.477	0.406
3511328368.466	780.494	465.764	1246.258	0.374
3511328370.043	998.255	274.324	1272.579	0.216
3511328371.467	683.134	502.129	1185.263	0.424
3511328372.967	775.368	464.818	1240.186	0.375
3511328374.467	702.641	449.113	1151.754	0.390
3511328375.967	1004.752	176.931	1181.683	0.150
3511328377.466	1053.306	121.956	1175.261	0.104
3511328378.966	962.451	260.413	1222.864	0.213
3511328380.467	1023.374	85.907	1109.281	0.077
3511328381.967	1122.009	-117.722	1004.287	-0.117
3511328383.466	971.041	88.587	1059.628	0.084
3511328384.966	1057.510	10.513	1068.023	0.010
3511328386.466	1108.473	47.424	1155.897	0.041
3511328387.967	1032.107	68.953	1101.060	0.063
3511328389.467	1014.577	91.249	1105.826	0.083
3511328390.967	949.694	86.851	1036.545	0.084
3511328392.467	803.290	25.060	828.350	0.030
3511328393.966	799.930	39.898	839.828	0.048
3511328395.467	859.263	55.916	915.179	0.061
3511328396.967	842.932	119.122	962.054	0.124
3511328398.467	797.703	64.709	862.412	0.075
3511328399.967	719.567	3.844	723.411	0.005
3511328401.466	709.779	69.496	779.275	0.089
3511328402.967	695.220	115.753	810.973	0.143
3511328404.468	687.335	112.140	799.475	0.140
3511328405.966	629.598	152.829	782.427	0.195
3511328407.467	625.850	181.084	806.934	0.224
3511328408.967	592.815	107.438	700.253	0.153
3511328410.467	467.853	125.180	593.033	0.211
3511328411.967	569.416	171.038	740.454	0.231
3511328413.467	494.850	242.740	737.590	0.329
3511328414.966	453.858	72.327	526.185	0.137
3511328416.466	505.346	168.609	673.955	0.250
3511328417.966	488.666	198.760	687.426	0.289
3511328419.467	445.869	135.627	581.496	0.233
3511328420.967	441.982	179.053	621.035	0.288
3511328422.467	580.829	223.260	804.089	0.278
3511328423.968	508.386	85.840	594.226	0.144
3511328425.467	527.537	96.904	624.441	0.155
3511328426.967	974.504	81.280	1055.784	0.077
3511328428.467	1000.904	51.518	1052.422	0.049
3511328429.967	978.672	30.236	1008.908	0.030
3511328431.467	926.477	8.018	934.495	0.009
3511328432.967	1027.440	96.049	1123.489	0.085
3511328434.467	981.750	-35.733	946.017	-0.038
3511328435.967	1013.412	7.618	1021.030	0.007
3511328437.467	1004.402	40.607	1045.009	0.039
3511328438.966	1048.218	-24.431	1023.787	-0.024
3511328440.466	1070.201	40.444	1110.646	0.036
3511328441.967	1093.349	1.098	1094.447	0.001
3511328443.468	1015.598	79.547	1095.145	0.073
3511328444.968	1025.989	-34.791	991.198	-0.035
3511328446.468	987.510	-57.407	930.103	-0.062
3511328447.967	984.150	-21.758	962.392	-0.023
3511328449.467	1049.137	23.162	1072.299	0.022
3511328450.967	1075.150	74.920	1150.070	0.065
3511328452.467	1139.182	29.289	1168.471	0.025
3511328453.967	999.908	8.004	1007.912	0.008
