0.000000	3511327370.580260	NaN	0.000000	0.000000	0.000000	78150000.000000
1.000000	3511327372.832388	NaN	0.000000	0.000000	0.000000	78150000.000000
2.000000	3511327373.034400	0.363382	0.000000	0.000000	0.000000	78150000.000000
3.000000	3511327374.358476	0.005858	0.000000	0.000000	0.000000	78150000.000000
4.000000	3511327375.858562	-0.052376	0.000000	0.000000	0.000000	78150000.000000
5.000000	3511327377.360648	0.065197	0.000000	0.000000	0.000000	78149800.000000
6.000000	3511327378.860734	0.076823	0.000000	0.000000	0.000000	78149600.000000
7.000000	3511327380.359819	-0.034543	0.000000	0.000000	0.000000	78149400.000000
8.000000	3511327381.860905	0.016202	0.000000	0.000000	0.000000	78149200.000000
9.000000	3511327383.359991	0.065030	0.000000	0.000000	0.000000	78149000.000000
10.000000	3511327384.860076	0.024027	0.000000	0.000000	0.000000	78148800.000000
11.000000	3511327386.360162	0.023368	0.000000	0.000000	0.000000	78148600.000000
12.000000	3511327387.861248	-0.031862	0.000000	0.000000	0.000000	78148400.000000
13.000000	3511327389.371335	-0.139426	0.000000	0.000000	0.000000	78148200.000000
14.000000	3511327390.872420	0.006131	0.000000	0.000000	0.000000	78148000.000000
15.000000	3511327392.373506	0.007697	0.000000	0.000000	0.000000	78147800.000000
16.000000	3511327393.873592	0.031680	0.000000	0.000000	0.000000	78147600.000000
17.000000	3511327395.372678	-0.016213	0.000000	0.000000	0.000000	78147400.000000
18.000000	3511327396.871764	0.016841	0.000000	0.000000	0.000000	78147200.000000
19.000000	3511327398.373849	-0.022400	0.000000	0.000000	0.000000	78147000.000000
20.000000	3511327399.873935	-0.029359	0.000000	0.000000	0.000000	78146800.000000
21.000000	3511327401.372021	-0.006275	0.000000	0.000000	0.000000	78146600.000000
22.000000	3511327402.876107	0.000961	0.000000	0.000000	0.000000	78146400.000000
23.000000	3511327404.375193	-0.017757	0.000000	0.000000	0.000000	78146200.000000
24.000000	3511327405.873279	-0.042251	0.000000	0.000000	0.000000	78146000.000000
25.000000	3511327407.374364	-0.012156	0.000000	0.000000	0.000000	78145800.000000
26.000000	3511327408.873450	-0.022731	0.000000	0.000000	0.000000	78145600.000000
27.000000	3511327410.372536	0.026944	0.000000	0.000000	0.000000	78145400.000000
28.000000	3511327411.875622	0.038608	0.000000	0.000000	0.000000	78145200.000000
29.000000	3511327413.372707	0.010585	0.000000	0.000000	0.000000	78145000.000000
30.000000	3511327414.876793	-0.004280	0.000000	0.000000	0.000000	78144800.000000
31.000000	3511327416.377879	0.006770	0.000000	0.000000	0.000000	78144600.000000
32.000000	3511327417.874965	0.035593	0.000000	0.000000	0.000000	78144400.000000
33.000000	3511327419.375051	0.019486	0.000000	0.000000	0.000000	78144200.000000
34.000000	3511327420.871136	0.058524	0.000000	0.000000	0.000000	78144000.000000
35.000000	3511327422.373222	0.047847	0.000000	0.000000	0.000000	78143800.000000
36.000000	3511327423.873308	0.032203	0.000000	0.000000	0.000000	78143600.000000
37.000000	3511327425.372394	-0.027741	0.000000	0.000000	0.000000	78143400.000000
38.000000	3511327426.875480	0.050932	0.000000	0.000000	0.000000	78143200.000000
39.000000	3511327428.376565	0.036188	0.000000	0.000000	0.000000	78143000.000000
40.000000	3511327429.876651	0.103790	0.000000	0.000000	0.000000	78142800.000000
41.000000	3511327431.374737	0.072208	0.000000	0.000000	0.000000	78142600.000000
42.000000	3511327432.878823	0.050974	0.000000	0.000000	0.000000	78142400.000000
43.000000	3511327434.376909	0.074671	0.000000	0.000000	0.000000	78142200.000000
44.000000	3511327435.874994	0.042824	0.000000	0.000000	0.000000	78142000.000000
45.000000	3511327437.375080	0.040604	0.000000	0.000000	0.000000	78141800.000000
46.000000	3511327438.875166	0.072960	0.000000	0.000000	0.000000	78141600.000000
47.000000	3511327440.376252	0.145810	0.000000	0.000000	0.000000	78141400.000000
48.000000	3511327441.876338	0.052057	0.000000	0.000000	0.000000	78141200.000000
49.000000	3511327443.373423	0.076309	0.000000	0.000000	0.000000	78141000.000000
50.000000	3511327444.873509	0.057300	0.000000	0.000000	0.000000	78140800.000000
51.000000	3511327446.375595	0.017105	0.000000	0.000000	0.000000	78140600.000000
52.000000	3511327447.874681	0.093647	0.000000	0.000000	0.000000	78140400.000000
53.000000	3511327449.374767	0.024420	0.000000	0.000000	0.000000	78140200.000000
54.000000	3511327450.875853	0.085173	0.000000	0.000000	0.000000	78140000.000000
55.000000	3511327452.376938	0.047469	0.000000	0.000000	0.000000	78139800.000000
56.000000	3511327453.876024	0.046278	0.000000	0.000000	0.000000	78139600.000000
57.000000	3511327455.376110	0.044947	0.000000	0.000000	0.000000	78139400.000000
58.000000	3511327456.875196	0.055598	0.000000	0.000000	0.000000	78139200.000000
59.000000	3511327458.375281	-0.010649	0.000000	0.000000	0.000000	78139000.000000
60.000000	3511327459.874367	0.012095	0.000000	0.000000	0.000000	78138800.000000
61.000000	3511327461.373453	-0.030113	0.000000	0.000000	0.000000	78138600.000000
62.000000	3511327462.873538	0.025332	0.000000	0.000000	0.000000	78138400.000000
63.000000	3511327464.374625	0.019675	0.000000	0.000000	0.000000	78138200.000000
64.000000	3511327465.875710	0.102154	0.000000	0.000000	0.000000	78138000.000000
65.000000	3511327467.374796	-0.007523	0.000000	0.000000	0.000000	78137800.000000
66.000000	3511327468.874882	0.015272	0.000000	0.000000	0.000000	78137600.000000
67.000000	3511327470.373968	0.060324	0.000000	0.000000	0.000000	78137400.000000
68.000000	3511327471.873054	-0.028431	0.000000	0.000000	0.000000	78137200.000000
69.000000	3511327473.373139	0.014957	0.000000	0.000000	0.000000	78137000.000000
70.000000	3511327474.875225	0.000825	0.000000	0.000000	0.000000	78136800.000000
71.000000	3511327476.376311	-0.004960	0.000000	0.000000	0.000000	78136600.000000
72.000000	3511327477.876397	-0.011440	0.000000	0.000000	0.000000	78136400.000000
73.000000	3511327479.375483	0.025867	0.000000	0.000000	0.000000	78136200.000000
74.000000	3511327480.873568	-0.032600	0.000000	0.000000	0.000000	78136000.000000
75.000000	3511327482.373654	-0.010311	0.000000	0.000000	0.000000	78135800.000000
76.000000	3511327483.875740	0.009779	0.000000	0.000000	0.000000	78135600.000000
77.000000	3511327485.376826	0.039300	0.000000	0.000000	0.000000	78135400.000000
78.000000	3511327486.874911	0.066653	0.000000	0.000000	0.000000	78135200.000000
79.000000	3511327488.373997	0.140966	0.000000	0.000000	0.000000	78135000.000000
80.000000	3511327489.876083	0.296158	0.000000	0.000000	0.000000	78134800.000000
81.000000	3511327491.377169	0.390411	0.000000	0.000000	0.000000	78134600.000000
82.000000	3511327492.875255	0.233681	0.000000	0.000000	0.000000	78134400.000000
83.000000	3511327494.371340	0.226684	0.000000	0.000000	0.000000	78134200.000000
84.000000	3511327495.875426	0.246389	0.000000	0.000000	0.000000	78134000.000000
85.000000	3511327497.376512	0.290332	0.000000	0.000000	0.000000	78133800.000000
86.000000	3511327498.874598	0.349711	0.000000	0.000000	0.000000	78133600.000000
87.000000	3511327500.377684	0.348718	0.000000	0.000000	0.000000	78133400.000000
88.000000	3511327501.875770	0.174673	0.000000	0.000000	0.000000	78133200.000000
89.000000	3511327503.376855	0.144371	0.000000	0.000000	0.000000	78133000.000000
90.000000	3511327504.875941	0.408429	0.000000	0.000000	0.000000	78132800.000000
91.000000	3511327506.376027	0.241126	0.000000	0.000000	0.000000	78132600.000000
92.000000	3511327507.876113	0.059292	0.000000	0.000000	0.000000	78132400.000000
93.000000	3511327509.376198	0.051723	0.000000	0.000000	0.000000	78132200.000000
94.000000	3511327510.875284	0.009936	0.000000	0.000000	0.000000	78132000.000000
95.000000	3511327512.375370	-0.078248	0.000000	0.000000	0.000000	78131800.000000
96.000000	3511327513.876456	0.026085	0.000000	0.000000	0.000000	78131600.000000
97.000000	3511327515.377542	-0.004797	0.000000	0.000000	0.000000	78131400.000000
98.000000	3511327516.876627	-0.000893	0.000000	0.000000	0.000000	78131200.000000
99.000000	3511327518.373713	-0.064988	0.000000	0.000000	0.000000	78131000.000000
100.000000	3511327519.878799	-0.026435	0.000000	0.000000	0.000000	78130800.000000
101.000000	3511327521.376885	0.024314	0.000000	0.000000	0.000000	78130600.000000
102.000000	3511327522.876971	0.008263	0.000000	0.000000	0.000000	78130400.000000
103.000000	3511327524.378057	0.044003	0.000000	0.000000	0.000000	78130200.000000
104.000000	3511327525.878142	0.022337	0.000000	0.000000	0.000000	78130000.000000
105.000000	3511327527.375228	0.005124	0.000000	0.000000	0.000000	78129800.000000
106.000000	3511327528.876314	0.080429	0.000000	0.000000	0.000000	78129600.000000
107.000000	3511327530.377400	0.063006	0.000000	0.000000	0.000000	78129400.000000
108.000000	3511327531.876485	0.091195	0.000000	0.000000	0.000000	78129200.000000
109.000000	3511327533.375571	0.111097	0.000000	0.000000	0.000000	78129000.000000
110.000000	3511327534.877657	0.002391	0.000000	0.000000	0.000000	78128800.000000
111.000000	3511327536.377743	0.164598	0.000000	0.000000	0.000000	78128600.000000
112.000000	3511327537.878829	0.044923	0.000000	0.000000	0.000000	78128400.000000
113.000000	3511327539.377914	0.048484	0.000000	0.000000	0.000000	78128200.000000
114.000000	3511327540.877000	-0.053378	0.000000	0.000000	0.000000	78128000.000000
115.000000	3511327542.376086	0.116929	0.000000	0.000000	0.000000	78127800.000000
116.000000	3511327543.878172	0.078622	0.000000	0.000000	0.000000	78127600.000000
117.000000	3511327545.377258	0.152718	0.000000	0.000000	0.000000	78127400.000000
118.000000	3511327546.876343	0.113284	0.000000	0.000000	0.000000	78127200.000000
119.000000	3511327548.377429	0.121192	0.000000	0.000000	0.000000	78127000.000000
120.000000	3511327549.878515	0.133543	0.000000	0.000000	0.000000	78126800.000000
121.000000	3511327551.378601	0.186229	0.000000	0.000000	0.000000	78126600.000000
122.000000	3511327552.877686	0.085076	0.000000	0.000000	0.000000	78126400.000000
123.000000	3511327554.378773	0.146421	0.000000	0.000000	0.000000	78126200.000000
124.000000	3511327555.876858	0.137894	0.000000	0.000000	0.000000	78126000.000000
125.000000	3511327557.377944	0.134647	0.000000	0.000000	0.000000	78125800.000000
126.000000	3511327558.878030	0.198385	0.000000	0.000000	0.000000	78125600.000000
127.000000	3511327560.377116	0.038957	0.000000	0.000000	0.000000	78125400.000000
128.000000	3511327561.878201	0.162508	0.000000	0.000000	0.000000	78125200.000000
129.000000	3511327563.379287	0.144031	0.000000	0.000000	0.000000	78125000.000000
130.000000	3511327564.880373	0.138794	0.000000	0.000000	0.000000	78124800.000000
131.000000	3511327566.379459	0.140201	0.000000	0.000000	0.000000	78124600.000000
132.000000	3511327567.878545	0.107412	0.000000	0.000000	0.000000	78124400.000000
133.000000	3511327569.377630	0.114843	0.000000	0.000000	0.000000	78124200.000000
134.000000	3511327570.877716	0.019914	0.000000	0.000000	0.000000	78124000.000000
135.000000	3511327572.379802	0.007063	0.000000	0.000000	0.000000	78123800.000000
136.000000	3511327573.877888	0.057075	0.000000	0.000000	0.000000	78123600.000000
137.000000	3511327575.378973	-0.056008	0.000000	0.000000	0.000000	78123400.000000
138.000000	3511327576.877059	-0.051225	0.000000	0.000000	0.000000	78123200.000000
139.000000	3511327578.378145	-0.011674	0.000000	0.000000	0.000000	78123000.000000
140.000000	3511327579.877231	-0.011784	0.000000	0.000000	0.000000	78122800.000000
141.000000	3511327581.379317	-0.045000	0.000000	0.000000	0.000000	78122600.000000
142.000000	3511327582.878403	0.029611	0.000000	0.000000	0.000000	78122400.000000
143.000000	3511327584.380488	-0.033026	0.000000	0.000000	0.000000	78122200.000000
144.000000	3511327585.878574	-0.049647	0.000000	0.000000	0.000000	78122000.000000
145.000000	3511327587.378660	-0.069455	0.000000	0.000000	0.000000	78121800.000000
146.000000	3511327588.877746	-0.037601	0.000000	0.000000	0.000000	78121600.000000
147.000000	3511327590.378831	-0.025839	0.000000	0.000000	0.000000	78121400.000000
148.000000	3511327591.876917	-0.019593	0.000000	0.000000	0.000000	78121200.000000
149.000000	3511327593.379003	-0.019701	0.000000	0.000000	0.000000	78121000.000000
150.000000	3511327594.878089	-0.033705	0.000000	0.000000	0.000000	78120800.000000
151.000000	3511327596.380175	0.044122	0.000000	0.000000	0.000000	78120600.000000
152.000000	3511327597.878261	-0.020687	0.000000	0.000000	0.000000	78120600.000000
153.000000	3511327599.378346	0.063747	0.000000	0.000000	0.000000	78120600.000000
154.000000	3511327600.877432	0.039651	0.000000	0.000000	0.000000	78120600.000000
155.000000	3511327602.378518	0.040293	0.000000	0.000000	0.000000	78120600.000000
156.000000	3511327603.876604	0.022376	0.000000	0.000000	0.000000	78120600.000000
157.000000	3511327605.377689	0.039877	0.000000	0.000000	0.000000	78120600.000000
158.000000	3511327606.878775	-0.025626	0.000000	0.000000	0.000000	78120600.000000
159.000000	3511327608.378861	-0.002616	0.000000	0.000000	0.000000	78120600.000000
160.000000	3511327609.878947	-0.007572	0.000000	0.000000	0.000000	78120600.000000
161.000000	3511327611.378033	0.096935	0.000000	0.000000	0.000000	78120600.000000
162.000000	3511327612.873118	0.715139	0.000000	0.000000	0.000000	78120600.000000
163.000000	3511327614.374204	0.716255	0.000000	0.000000	0.000000	78120600.000000
164.000000	3511327615.877290	0.183120	0.000000	0.000000	0.000000	78120600.000000
165.000000	3511327617.378376	-0.059449	0.000000	0.000000	0.000000	78120600.000000
166.000000	3511327618.877461	-0.016915	0.000000	0.000000	0.000000	78120600.000000
167.000000	3511327620.379548	0.024691	0.000000	0.000000	0.000000	78120600.000000
168.000000	3511327621.878633	0.005319	0.000000	0.000000	0.000000	78120400.000000
169.000000	3511327623.380719	0.004445	0.000000	0.000000	0.000000	78120200.000000
170.000000	3511327624.877805	-0.006250	0.000000	0.000000	0.000000	78120200.000000
171.000000	3511327626.377891	-0.118918	0.000000	0.000000	0.000000	78120200.000000
0.000000	3511327627.877976	-0.005701	0.000000	0.000000	0.000000	78120200.000000
0.000000	3511327629.374062	0.000000	0.000000	0.000000	0.000000	78120200.000000
