0.000	0.000	0.000	0.000	0.000
3511328733.504	0.000	0.000	0.000	NaN
3511328734.876	-22.229	22.776	0.547	41.671
3511328736.376	1832.987	115.360	1948.347	0.059
3511328737.877	1775.952	27.404	1803.357	0.015
3511328739.378	1833.093	29.847	1862.940	0.016
3511328740.878	1886.424	76.724	1963.148	0.039
3511328742.377	1560.775	18.924	1579.699	0.012
3511328743.879	1701.881	-43.660	1658.221	-0.026
3511328745.377	1758.884	64.076	1822.960	0.035
3511328746.892	1825.570	203.087	2028.657	0.100
3511328748.377	39.787	108.838	148.625	0.732
3511328749.878	-3.675	-47.827	-51.502	0.929
3511328751.378	-11.980	-25.136	-37.116	0.677
3511328752.889	1.201	2.120	3.321	0.638
3511328754.388	2469.866	42.804	2512.671	0.017
3511328755.889	2642.068	-135.702	2506.366	-0.054
3511328757.389	2395.337	107.198	2502.535	0.043
3511328758.888	2625.357	-31.887	2593.470	-0.012
3511328760.388	2345.436	51.836	2397.271	0.022
3511328761.888	2295.782	48.298	2344.080	0.021
3511328763.388	2322.116	63.069	2385.185	0.026
3511328764.888	2296.173	20.887	2317.060	0.009
3511328766.389	2502.908	20.813	2523.721	0.008
3511328767.889	2368.197	23.556	2391.752	0.010
3511328769.388	2260.306	27.484	2287.790	0.012
3511328770.889	2389.046	29.767	2418.812	0.012
3511328772.388	2361.659	36.284	2397.943	0.015
3511328773.890	2370.316	18.142	2388.458	0.008
3511328775.389	2171.321	71.538	2242.859	0.032
3511328776.889	2012.578	3.064	2015.643	0.002
3511328778.390	2268.648	61.500	2330.148	0.026
3511328779.889	2396.076	61.487	2457.562	0.025
3511328781.388	2155.422	27.718	2183.140	0.013
3511328782.889	2158.145	51.520	2209.665	0.023
3511328784.389	2127.361	124.624	2251.985	0.055
3511328785.889	2221.295	90.233	2311.528	0.039
3511328787.389	2218.074	100.513	2318.587	0.043
3511328788.889	2024.135	236.684	2260.819	0.105
3511328790.389	2127.254	293.776	2421.030	0.121
3511328791.890	2142.592	250.278	2392.870	0.105
3511328793.388	2222.638	284.287	2506.924	0.113
3511328794.889	2116.866	246.584	2363.450	0.104
3511328796.389	2038.945	323.627	2362.572	0.137
3511328797.889	2140.721	163.340	2304.061	0.071
3511328799.389	2297.485	255.858	2553.343	0.100
3511328800.889	2075.486	256.173	2331.659	0.110
3511328802.389	2169.557	357.873	2527.430	0.142
3511328803.889	2164.749	316.082	2480.831	0.127
3511328805.389	2082.445	210.069	2292.514	0.092
3511328806.889	2233.627	54.353	2287.980	0.024
3511328808.389	2215.921	257.193	2473.115	0.104
3511328809.879	2089.904	191.622	2281.526	0.084
3511328811.389	2248.787	270.307	2519.094	0.107
3511328812.890	2231.398	186.978	2418.376	0.077
3511328814.390	2196.767	158.480	2355.247	0.067
3511328815.890	2247.335	237.396	2484.730	0.096
3511328817.389	2188.356	198.762	2387.118	0.083
3511328818.889	2224.332	120.309	2344.641	0.051
3511328820.389	2305.962	112.613	2418.575	0.047
3511328821.889	2171.180	109.940	2281.120	0.048
3511328823.389	2099.869	111.987	2211.856	0.051
3511328824.889	2474.320	135.309	2609.629	0.052
3511328826.390	2049.685	111.671	2161.356	0.052
3511328827.890	2211.114	70.127	2281.241	0.031
3511328829.389	2263.026	62.353	2325.379	0.027
3511328830.889	2383.460	46.882	2430.342	0.019
3511328832.389	2248.501	89.913	2338.414	0.038
3511328833.889	2276.029	104.367	2380.396	0.044
3511328835.389	2377.701	238.816	2616.517	0.091
3511328836.890	2298.081	95.487	2393.568	0.040
3511328838.390	2143.333	106.647	2249.979	0.047
3511328839.890	2436.225	-22.373	2413.852	-0.009
3511328841.389	2365.722	-58.111	2307.611	-0.025
3511328842.881	2273.201	122.031	2395.232	0.051
3511328844.390	2375.793	116.851	2492.644	0.047
3511328845.890	2409.649	81.047	2490.696	0.033
3511328847.390	2534.112	244.236	2778.347	0.088
3511328848.889	2100.468	69.029	2169.497	0.032
3511328850.390	2386.539	130.444	2516.983	0.052
3511328851.890	2134.815	176.460	2311.275	0.076
3511328853.389	1801.822	473.002	2274.824	0.208
3511328854.889	1546.144	749.182	2295.326	0.326
3511328856.389	1441.151	678.980	2120.131	0.320
3511328857.889	1322.200	716.907	2039.107	0.352
3511328859.389	1559.075	596.676	2155.750	0.277
3511328860.890	1421.397	783.265	2204.662	0.355
3511328862.391	1365.913	814.358	2180.271	0.374
3511328863.890	1508.154	672.929	2181.083	0.309
3511328865.389	1384.398	768.342	2152.740	0.357
3511328866.890	1373.233	825.120	2198.353	0.375
3511328868.390	1661.135	716.587	2377.722	0.301
3511328869.889	1860.800	214.384	2075.184	0.103
3511328871.389	2022.337	323.942	2346.279	0.138
3511328872.889	2217.476	44.600	2262.076	0.020
3511328874.390	2239.772	37.296	2277.068	0.016
3511328875.889	2104.250	20.184	2124.434	0.010
3511328877.389	2207.440	68.951	2276.391	0.030
3511328878.890	2094.601	57.013	2151.614	0.026
3511328880.390	2108.348	111.509	2219.857	0.050
3511328881.889	2232.674	80.653	2313.327	0.035
3511328883.390	1951.834	147.013	2098.847	0.070
3511328884.890	2057.707	119.284	2176.991	0.055
3511328886.390	2027.461	96.200	2123.661	0.045
3511328887.890	2034.739	51.989	2086.728	0.025
3511328889.390	1738.457	-31.960	1706.497	-0.019
3511328890.889	1717.531	89.364	1806.896	0.049
3511328892.389	1888.118	31.800	1919.918	0.017
3511328893.890	1849.917	102.560	1952.477	0.053
3511328895.389	1624.031	112.618	1736.649	0.065
3511328896.890	1753.262	80.804	1834.067	0.044
3511328898.390	1691.562	144.258	1835.820	0.079
3511328899.890	1472.284	75.160	1547.444	0.049
3511328901.389	1661.347	218.702	1880.049	0.116
3511328902.890	1456.170	168.524	1624.695	0.104
3511328904.389	1541.902	122.667	1664.569	0.074
3511328906.031	1535.544	146.144	1681.688	0.087
3511328907.380	1332.134	153.998	1486.132	0.104
3511328908.890	1410.264	288.449	1698.713	0.170
3511328910.390	1341.532	256.711	1598.243	0.161
3511328911.890	1225.657	106.018	1331.675	0.080
3511328913.390	1159.679	223.104	1382.783	0.161
3511328914.890	1130.101	249.178	1379.279	0.181
3511328916.390	1230.815	366.111	1596.926	0.229
3511328917.890	1196.112	268.964	1465.076	0.184
3511328919.390	1038.252	301.949	1340.201	0.225
3511328920.890	1155.473	256.084	1411.558	0.181
3511328922.390	1123.031	358.260	1481.291	0.242
3511328923.890	1201.133	342.940	1544.073	0.222
3511328925.389	1088.787	281.213	1370.000	0.205
3511328926.890	1072.741	403.249	1475.990	0.273
3511328928.390	1278.169	343.971	1622.140	0.212
3511328929.890	1322.941	259.616	1582.556	0.164
3511328931.382	1239.370	266.773	1506.143	0.177
3511328932.891	1368.427	273.920	1642.347	0.167
3511328934.390	1559.253	268.816	1828.069	0.147
3511328935.891	1955.225	63.682	2018.907	0.032
3511328937.390	2087.531	-19.796	2067.735	-0.010
3511328938.890	2000.810	125.013	2125.823	0.059
3511328940.390	2140.364	45.629	2185.993	0.021
3511328941.882	2204.149	74.364	2278.514	0.033
3511328943.390	2233.625	-49.949	2183.676	-0.023
3511328944.890	2006.183	36.818	2043.001	0.018
3511328946.390	2281.791	26.853	2308.645	0.012
3511328947.891	2161.039	-13.038	2148.001	-0.006
3511328949.391	2176.939	75.149	2252.088	0.033
3511328950.890	2194.506	34.707	2229.213	0.016
3511328952.390	2053.964	-42.322	2011.642	-0.021
3511328953.890	2086.191	6.678	2092.869	0.003
3511328955.390	2200.052	92.202	2292.254	0.040
3511328956.890	2016.363	-90.860	1925.503	-0.047
3511328958.390	2174.856	7.458	2182.313	0.003
3511328959.890	2205.424	3.382	2208.806	0.002
3511328961.390	2253.131	44.840	2297.971	0.020
3511328962.890	2043.009	-24.738	2018.271	-0.012
3511328964.390	2060.287	27.018	2087.305	0.013
3511328965.891	2241.861	-73.896	2167.966	-0.034
3511328967.391	2272.428	3.453	2275.882	0.002
3511328968.890	2068.981	-26.387	2042.594	-0.013
3511328970.400	2170.545	52.853	2223.398	0.024
3511328971.896	2171.465	128.789	2300.254	0.056
3511328973.390	2267.655	82.616	2350.270	0.035
3511328974.881	1968.687	-8.878	1959.809	-0.005
3511328976.390	2010.743	61.016	2071.759	0.029
3511328977.890	2194.220	16.260	2210.480	0.007
